2 0.175347 0.273148 0.074405 0.175926
0 0.253224 0.319114 0.079861 0.147487
0 0.345610 0.362434 0.105903 0.169312
0 0.502976 0.432044 0.212798 0.205357
0 0.803819 0.447421 0.392361 0.224868
0 0.879464 0.628472 0.241071 0.140542
1 0.802827 0.670470 0.394345 0.651786
1 0.539807 0.620866 0.130208 0.522156
1 0.435020 0.531085 0.078373 0.404101
1 0.345734 0.463955 0.102679 0.371032
1 0.251984 0.367725 0.084325 0.242063
3 0.269221 0.200893 0.102927 0.145172
3 0.173487 0.166501 0.054812 0.057870
3 0.374876 0.207011 0.109375 0.144841
3 0.515501 0.171958 0.173363 0.297619
3 0.800595 0.164187 0.398810 0.327712
2 0.711186 0.498016 0.040923 0.035714
2 0.841642 0.899306 0.066716 0.047950