2 0.489707 0.508102 0.093998 0.227844
2 0.128844 0.665344 0.089038 0.038360
2 0.205977 0.599537 0.024058 0.082672
2 0.055432 0.529597 0.037450 0.102183
2 0.034722 0.628472 0.032738 0.024802
2 0.342138 0.683366 0.110863 0.051918
2 0.434400 0.655258 0.079117 0.063161
2 0.795635 0.715774 0.107143 0.054563
2 0.674851 0.347222 0.038690 0.025132
2 0.581349 0.346561 0.038690 0.025132
2 0.764137 0.349206 0.038690 0.025132
2 0.786086 0.287864 0.051835 0.026124
2 0.642361 0.298280 0.073909 0.027778
2 0.571305 0.297784 0.042907 0.024802
2 0.662202 0.231812 0.108631 0.029101
2 0.411706 0.278935 0.049603 0.027447
2 0.127728 0.273313 0.049603 0.027447
2 0.495288 0.326554 0.068452 0.031415
2 0.523562 0.361111 0.069444 0.028439
2 0.537698 0.281415 0.039187 0.022487
2 0.452753 0.358466 0.053819 0.023148
1 0.488839 0.280919 0.967262 0.196098
1 0.696181 0.448082 0.099206 0.142196
0 0.124628 0.720569 0.229911 0.095899
1 0.253844 0.441468 0.108383 0.125000
2 0.874628 0.596561 0.033978 0.196429