3 0.676959 0.188657 0.184772 0.344246
3 0.888641 0.354332 0.222718 0.311177
3 0.493180 0.214782 0.158482 0.159722
3 0.323165 0.089286 0.120536 0.177910
3 0.169519 0.053902 0.187748 0.107143
0 0.104167 0.162202 0.207837 0.312500
0 0.312748 0.275463 0.211806 0.316138
0 0.523313 0.405423 0.211806 0.316138
0 0.734995 0.519511 0.210565 0.259259
0 0.920883 0.552910 0.157738 0.187831
1 0.105531 0.214120 0.184772 0.186177
1 0.314360 0.327381 0.182788 0.154762
1 0.554812 0.449239 0.267857 0.217262
1 0.848834 0.567460 0.302331 0.138228