2 0.721726 0.314980 0.068948 0.084987
2 0.789931 0.756118 0.062004 0.109458
2 0.512649 0.884259 0.157738 0.231481
2 0.514013 0.738922 0.063244 0.052579
2 0.561136 0.672619 0.085565 0.080026
2 0.421007 0.681382 0.077133 0.032738
2 0.433036 0.724206 0.049603 0.034392
2 0.443824 0.512401 0.134177 0.153108
2 0.108879 0.395833 0.056548 0.105159
2 0.147941 0.570271 0.068700 0.141865
2 0.296999 0.478836 0.055804 0.210979
2 0.314980 0.644676 0.095238 0.123347
1 0.708581 0.681548 0.210813 0.138228
1 0.666791 0.845403 0.120784 0.190807
1 0.375992 0.355655 0.114087 0.168981
1 0.404886 0.147652 0.809276 0.246362
1 0.039931 0.422784 0.079365 0.301918
1 0.056796 0.626488 0.113095 0.109458