3 0.238591 0.130952 0.075893 0.099206
3 0.102431 0.143022 0.072917 0.075728
3 0.321553 0.148313 0.076141 0.065807
3 0.420015 0.145007 0.076141 0.065807
3 0.702753 0.153770 0.134673 0.046958
0 0.104291 0.388558 0.204613 0.165344
0 0.514881 0.321925 0.616567 0.216601
0 0.898065 0.726852 0.186012 0.546296
0 0.570561 0.782903 0.162946 0.434193
0 0.118800 0.928902 0.237103 0.142196
0 0.727927 0.541997 0.154762 0.118386
0 0.728423 0.940807 0.154762 0.118386
0 0.409722 0.940807 0.154762 0.118386
0 0.248760 0.628638 0.168651 0.125661
1 0.495908 0.596561 0.980903 0.806878