2 0.126984 0.578869 0.147817 0.102844
2 0.336806 0.841104 0.119544 0.050595
2 0.577381 0.548776 0.244544 0.163029
1 0.688616 0.729497 0.622768 0.541005
2 0.938368 0.937500 0.123264 0.120370
2 0.956101 0.772321 0.087798 0.075066
2 0.555804 0.808697 0.313988 0.172288
2 0.809648 0.600860 0.219494 0.059524
2 0.344618 0.784392 0.111855 0.036376
2 0.176339 0.690807 0.352183 0.122354
2 0.463790 0.687665 0.072917 0.069775
2 0.698785 0.682540 0.107887 0.084656
1 0.188740 0.541171 0.376984 0.740410
1 0.513889 0.387235 0.272321 0.144841
3 0.135417 0.084987 0.143353 0.169312
3 0.283358 0.103836 0.154018 0.207011
3 0.381448 0.148479 0.153770 0.233466
3 0.453621 0.226025 0.160714 0.176257
3 0.815600 0.362765 0.242808 0.197090
3 0.968502 0.443948 0.062996 0.231151