3 0.100446 0.264881 0.199901 0.209656
3 0.337054 0.217758 0.272321 0.245701
3 0.608631 0.182705 0.272321 0.245701
3 0.872148 0.109127 0.255208 0.215608
1 0.135417 0.455192 0.270337 0.211971
1 0.336434 0.452216 0.129712 0.219907
1 0.456845 0.399967 0.111607 0.240410
1 0.756324 0.315807 0.487351 0.229497
2 0.043403 0.499339 0.041667 0.037037
2 0.572545 0.404266 0.031994 0.024140
2 0.647817 0.401620 0.032738 0.018849
2 0.855779 0.375165 0.019097 0.021495
2 0.907862 0.276786 0.016617 0.017857
2 0.914559 0.302249 0.016617 0.017857