2 0.197421 0.491402 0.062004 0.093254
2 0.388517 0.401290 0.050843 0.094246
2 0.762401 0.520999 0.108631 0.122024
2 0.626116 0.551918 0.116815 0.359788
2 0.876488 0.742063 0.101190 0.103175
2 0.867188 0.905258 0.138145 0.175595
2 0.771825 0.745040 0.045139 0.035053
2 0.230407 0.230159 0.061508 0.037037
2 0.643725 0.220238 0.063740 0.032407
2 0.641493 0.175926 0.063740 0.032407
2 0.969494 0.143188 0.061012 0.048280
2 0.753100 0.702546 0.088046 0.026124
2 0.934400 0.670635 0.131200 0.033730
2 0.176339 0.682705 0.043651 0.032077
2 0.155878 0.743221 0.054812 0.026786
2 0.163070 0.782738 0.039435 0.026455
2 0.364707 0.667328 0.039435 0.026455
2 0.093750 0.872354 0.074405 0.087302
1 0.500248 0.146660 0.995536 0.220569
1 0.312500 0.450893 0.111607 0.366071
1 0.264757 0.695767 0.273065 0.121693
1 0.698785 0.420304 0.067212 0.304233
1 0.762153 0.796792 0.170635 0.132606
4 0.136161 0.291997 0.090278 0.119048