0 0.469207 0.671875 0.029788 0.162281
4 0.542580 0.787555 0.015716 0.108004
0 0.264985 0.666667 0.045322 0.140351
0 0.220760 0.687226 0.041301 0.100329
0 0.713633 0.647478 0.017544 0.071272
0 0.744243 0.622944 0.034539 0.032072
0 0.792580 0.618010 0.061769 0.021107
0 0.458059 0.802906 0.020285 0.027412
0 0.398575 0.820724 0.033626 0.015899
0 0.425804 0.806058 0.025219 0.013432
0 0.777595 0.510965 0.035819 0.044956
0 0.829678 0.382950 0.024488 0.125548
2 0.728344 0.454633 0.014072 0.016173
3 0.731817 0.471354 0.014803 0.017270
1 0.753838 0.463542 0.026316 0.017544
3 0.838633 0.306743 0.013889 0.022478
0 0.709704 0.446820 0.021382 0.032895