1 0.718750 0.730159 0.562500 0.539683
2 0.387773 0.481481 0.106399 0.136905
2 0.491195 0.122851 0.087550 0.141204
2 0.243552 0.066799 0.065972 0.099206
2 0.248512 0.168155 0.053571 0.052579
2 0.326141 0.173611 0.061012 0.084656
2 0.255084 0.242725 0.052331 0.097884
2 0.334821 0.315146 0.047619 0.060847
2 0.473710 0.343254 0.046627 0.027778
2 0.447917 0.405589 0.057044 0.028770
2 0.462798 0.445437 0.034722 0.024471
2 0.679191 0.323082 0.031498 0.021164
1 0.567832 0.333499 0.280010 0.119378
2 0.704117 0.038525 0.053571 0.076389
2 0.905010 0.321263 0.094246 0.122024
2 0.949405 0.189815 0.101190 0.373016
2 0.899802 0.140708 0.031746 0.055225
2 0.865327 0.143022 0.017361 0.051257