2 0.491939 0.502149 0.071677 0.098214
2 0.697173 0.398975 0.060516 0.098876
2 0.944816 0.556878 0.110367 0.390212
2 0.867684 0.660218 0.044891 0.114749
2 0.249380 0.425595 0.062252 0.083333
2 0.295759 0.679894 0.058284 0.085317
2 0.395585 0.871528 0.078373 0.109458
2 0.347098 0.563327 0.032986 0.058532
2 0.328621 0.413360 0.067460 0.109788
2 0.526538 0.228505 0.069940 0.033730
2 0.473586 0.697090 0.049851 0.027116
2 0.448289 0.761243 0.049851 0.027116
2 0.461558 0.799603 0.043651 0.022487
1 0.584573 0.133763 0.830853 0.218585
1 0.598710 0.502149 0.127480 0.518188
4 0.406622 0.265542 0.046379 0.081349
2 0.671751 0.683697 0.034474 0.025463
2 0.886037 0.493056 0.025546 0.052249
2 0.853919 0.473876 0.017857 0.043651
2 0.971602 0.202381 0.056796 0.038360
2 0.800719 0.163194 0.068700 0.032077
2 0.400174 0.518684 0.023065 0.083664
2 0.395585 0.421627 0.021825 0.032407