1 0.520765 0.678309 0.051303 0.034926
1 0.594564 0.756127 0.118282 0.148897
1 0.508347 0.821998 0.054153 0.118873
1 0.431698 0.724877 0.209080 0.077819
1 0.432919 0.805607 0.096702 0.083640
1 0.585708 0.870098 0.099756 0.079657
1 0.606372 0.928462 0.061279 0.039522
2 0.499491 0.832721 0.047028 0.037377
2 0.438925 0.681373 0.043974 0.035539
2 0.375000 0.738817 0.027280 0.026654
0 0.690961 0.743566 0.072068 0.188113
5 0.864515 0.856618 0.270969 0.286765
0 0.153603 0.665288 0.047435 0.124694
1 0.579906 0.637868 0.053542 0.038603