4 0.486829 0.425154 0.082128 0.109568
0 0.385718 0.762153 0.131457 0.098380
0 0.499354 0.775849 0.093233 0.072531
0 0.659737 0.757523 0.067407 0.108410
0 0.727402 0.788773 0.058110 0.042052
1 0.743156 0.754051 0.015754 0.025077
1 0.773760 0.780671 0.030992 0.028935
1 0.382231 0.628086 0.041839 0.024691
1 0.425878 0.609182 0.045971 0.024691
1 0.586648 0.600694 0.046746 0.027778
0 0.778280 0.407986 0.086002 0.093750
0 0.572443 0.775077 0.038481 0.072531
5 0.631327 0.508873 0.015238 0.233025
5 0.574509 0.672840 0.015238 0.086420
5 0.686338 0.607060 0.012138 0.166281
0 0.507877 0.432485 0.185692 0.113426
0 0.268853 0.418596 0.055785 0.103395
0 0.358084 0.391975 0.072056 0.046296
5 0.766142 0.390046 0.032800 0.033179