1 0.497676 0.624421 0.994835 0.588349
1 0.280992 0.156443 0.264979 0.120756
1 0.888559 0.185378 0.216684 0.058256
1 0.654571 0.188657 0.250258 0.066358
1 0.485408 0.175733 0.089618 0.042052
0 0.206870 0.149691 0.413223 0.144290
0 0.450801 0.156829 0.075671 0.133873
0 0.760331 0.176312 0.479339 0.113426
2 0.049458 0.351659 0.090134 0.065972
2 0.047004 0.431713 0.093492 0.063272
2 0.396694 0.360532 0.058884 0.041281
2 0.488507 0.305941 0.045196 0.040895
2 0.258523 0.119599 0.095041 0.042438
2 0.323864 0.184992 0.122934 0.068287
2 0.398502 0.583526 0.073347 0.040509
2 0.080449 0.810957 0.049845 0.058642
2 0.135460 0.829861 0.061209 0.050926
2 0.469396 0.810185 0.168130 0.054012
0 0.838843 0.491705 0.082645 0.446373
4 0.202350 0.589892 0.065857 0.521605
4 0.310821 0.602238 0.060692 0.548611
2 0.547262 0.865548 0.117769 0.046682