1 0.088221 0.484187 0.169599 0.887510
1 0.246579 0.483987 0.149071 0.803042
1 0.376833 0.514612 0.109482 0.576861
1 0.475562 0.534027 0.087977 0.425140
1 0.942326 0.609087 0.115347 0.292634
4 0.504399 0.287430 0.040078 0.168935
4 0.650538 0.282026 0.044966 0.047638
0 0.087243 0.483387 0.169599 0.887510
0 0.245601 0.483187 0.149071 0.803042
0 0.375855 0.513811 0.109482 0.576861
0 0.474585 0.533227 0.087977 0.425140
0 0.941349 0.608287 0.115347 0.292634
1 0.724096 0.390112 0.413001 0.145316
1 0.740225 0.190152 0.492180 0.080064