2 0.718490 0.616602 0.192188 0.501953
0 0.163542 0.216406 0.165625 0.314844
0 0.441927 0.039648 0.177604 0.078516
0 0.686198 0.069336 0.149479 0.137891
3 0.249219 0.497070 0.102604 0.116016
3 0.138281 0.623242 0.083854 0.208203
3 0.258073 0.636523 0.100521 0.126953
3 0.283073 0.772070 0.068229 0.048828
3 0.220573 0.834180 0.129688 0.050391
0 0.361979 0.304883 0.078125 0.097266
0 0.334896 0.411719 0.047917 0.075781
0 0.538281 0.375781 0.024479 0.076563
0 0.428385 0.411523 0.018229 0.123828
2 0.583854 0.499414 0.061458 0.226953
3 0.925260 0.521094 0.058854 0.045312
5 0.693229 0.186133 0.122917 0.318359
0 0.890365 0.161328 0.050521 0.055469
3 0.094010 0.020117 0.068229 0.039453
0 0.454167 0.334180 0.025000 0.024609
0 0.517708 0.356836 0.020833 0.049609