2 0.410640 0.399691 0.034607 0.029321
2 0.447831 0.388117 0.026343 0.016975
0 0.367123 0.753086 0.034866 0.124228
0 0.617510 0.639660 0.053202 0.163580
0 0.625775 0.533951 0.070764 0.040123
0 0.610408 0.795525 0.029700 0.043981
0 0.331612 0.773727 0.036674 0.072145
0 0.351111 0.648920 0.068957 0.094136
1 0.487345 0.438657 0.037707 0.033951
1 0.541710 0.438657 0.027634 0.019290
1 0.577608 0.385802 0.019370 0.017747
1 0.625904 0.340664 0.019886 0.016204
1 0.621513 0.408565 0.029700 0.022377
2 0.631973 0.358025 0.010331 0.011574
1 0.606276 0.363619 0.022469 0.015818
1 0.602660 0.451968 0.025568 0.043596
4 0.720170 0.569059 0.063275 0.627315
4 0.856147 0.569830 0.077996 0.630401
4 0.975465 0.852431 0.049070 0.205633
0 0.842975 0.921682 0.314050 0.083333
0 0.365961 0.504244 0.044421 0.190586
1 0.397598 0.495756 0.015238 0.020062
1 0.376679 0.398148 0.015238 0.020062
1 0.385718 0.373650 0.013171 0.017361
0 0.424587 0.364390 0.065083 0.032793
0 0.552169 0.364583 0.071798 0.035494
1 0.348528 0.368056 0.040031 0.074846