0 0.221462 0.747670 0.442069 0.391398
0 0.719966 0.871326 0.556648 0.255914
0 0.530141 0.691398 0.044463 0.106810
0 0.707995 0.690681 0.174434 0.093907
0 0.920693 0.694982 0.158615 0.093907
0 0.931595 0.548746 0.136811 0.096774
0 0.685977 0.575986 0.195383 0.078136
4 0.236640 0.379570 0.074818 0.357706
1 0.108593 0.676703 0.214622 0.136201
1 0.245404 0.835484 0.390765 0.181362
1 0.373664 0.695699 0.131680 0.092473
1 0.722103 0.869534 0.555793 0.260932
1 0.918982 0.615412 0.160325 0.250179
1 0.708850 0.691398 0.174434 0.095341