0 0.174329 0.789159 0.345558 0.421682
1 0.721074 0.505787 0.184917 0.099537
1 0.163869 0.359375 0.196539 0.099923
0 0.813017 0.787230 0.373967 0.425540
1 0.930914 0.343750 0.138171 0.122685
1 0.954675 0.164931 0.090651 0.112269
1 0.817020 0.162616 0.130424 0.092207
1 0.733729 0.263117 0.209711 0.104167
1 0.791064 0.407793 0.121901 0.062500
1 0.718363 0.037230 0.130424 0.073688
1 0.837681 0.027971 0.069990 0.055170
1 0.953512 0.034144 0.092975 0.067515
1 0.950155 0.470486 0.081612 0.120756
1 0.173683 0.762539 0.346849 0.067515
1 0.203771 0.668403 0.226756 0.120756
1 0.173295 0.859761 0.346074 0.081404
1 0.112474 0.961420 0.224432 0.077160
1 0.826963 0.770255 0.124483 0.075231