4 0.032800 0.194444 0.036674 0.089506
4 0.187629 0.354552 0.084452 0.082562
4 0.290418 0.549190 0.076188 0.104552
0 0.406637 0.528356 0.100981 0.161651
0 0.340780 0.424576 0.047262 0.134645
0 0.507748 0.732253 0.111570 0.141975
0 0.512009 0.597415 0.090651 0.123843
0 0.517433 0.472801 0.065857 0.124614
0 0.335615 0.546103 0.039514 0.116898
0 0.283704 0.429205 0.066890 0.059028
5 0.393595 0.558642 0.021178 0.039352
5 0.433110 0.527392 0.021178 0.039352
1 0.200801 0.540895 0.095300 0.118056
1 0.104339 0.527585 0.097624 0.076775
4 0.121513 0.438850 0.060176 0.102238
0 0.455062 0.359954 0.023760 0.174383
0 0.501033 0.253665 0.066632 0.103009