0 0.147762 0.724819 0.294753 0.196539
0 0.751157 0.715909 0.497685 0.244835
0 0.930170 0.426265 0.139660 0.335486
1 0.154321 0.751162 0.120370 0.075671
1 0.612654 0.690083 0.101852 0.067665
1 0.763117 0.701446 0.197531 0.098140
1 0.875386 0.751033 0.168981 0.072314
1 0.122492 0.684917 0.244213 0.055785
1 0.724923 0.773760 0.130401 0.052169
2 0.709684 0.840134 0.082948 0.025826
2 0.705826 0.812113 0.091435 0.024019
1 0.607446 0.819473 0.102238 0.036157
0 0.333912 0.675620 0.078318 0.252583
0 0.529900 0.565728 0.059028 0.059143
0 0.124228 0.346462 0.247685 0.139205
0 0.449846 0.220041 0.407407 0.327996
0 0.753279 0.150310 0.202546 0.127583