0 0.415289 0.795332 0.830062 0.409336
0 0.124742 0.447145 0.248967 0.284722
0 0.790935 0.371528 0.062242 0.181327
0 0.822056 0.559992 0.071281 0.194830
0 0.842717 0.726852 0.065083 0.140432
0 0.867898 0.896219 0.073605 0.207562
0 0.952350 0.896219 0.095300 0.207562
0 0.571798 0.340278 0.100723 0.489198
1 0.443311 0.559992 0.079804 0.056713
1 0.191374 0.362654 0.100723 0.060957
1 0.126550 0.501350 0.224174 0.176312
1 0.193957 0.688850 0.357955 0.201003
1 0.510072 0.689815 0.274277 0.202932
1 0.528409 0.894676 0.606921 0.210648
0 0.687371 0.147569 0.134039 0.275849
1 0.705966 0.688272 0.063275 0.092593
0 0.774406 0.180748 0.038998 0.062886
0 0.109117 0.152006 0.217717 0.303241
0 0.850077 0.292824 0.081870 0.189043
0 0.945894 0.361304 0.108213 0.184028