2 0.740315 0.648148 0.019886 0.016204
2 0.689824 0.609182 0.044421 0.020833
2 0.525439 0.580440 0.016787 0.018904
2 0.500517 0.619213 0.010847 0.013117
2 0.545196 0.683835 0.012913 0.014275
2 0.559788 0.771026 0.010589 0.011960
2 0.539256 0.755787 0.007748 0.010802
2 0.519757 0.749421 0.011105 0.014275
2 0.557980 0.739390 0.010072 0.014275
2 0.551265 0.706597 0.012138 0.008873
2 0.541968 0.726659 0.007490 0.011960
2 0.528151 0.695216 0.006715 0.010802
2 0.507748 0.693480 0.019628 0.010417
2 0.546875 0.657215 0.015238 0.011960
2 0.563404 0.684414 0.013688 0.018519
2 0.680269 0.649884 0.014979 0.015046
2 0.769757 0.751350 0.018853 0.016590
2 0.703642 0.776235 0.011622 0.016975