0 0.264463 0.766011 0.240186 0.467978
0 0.703771 0.766011 0.240186 0.467978
0 0.482438 0.572724 0.204029 0.064429
0 0.484246 0.856867 0.198864 0.091049
1 0.263042 0.732639 0.159866 0.171296
1 0.294938 0.901235 0.169938 0.064043
1 0.174329 0.932677 0.045455 0.036651
1 0.222882 0.978009 0.124483 0.043981
1 0.461260 0.874614 0.055785 0.052469
1 0.414514 0.889660 0.027376 0.026235
1 0.512397 0.843943 0.045455 0.032022
1 0.417872 0.842400 0.045455 0.032022
1 0.678461 0.756366 0.188017 0.132330
1 0.712164 0.653164 0.099948 0.072531
1 0.623709 0.846258 0.073864 0.048225
1 0.749871 0.869792 0.057076 0.038194
1 0.702479 0.904128 0.033574 0.021991
1 0.760718 0.948688 0.102014 0.063272
1 0.248450 0.597994 0.066632 0.052469
1 0.341942 0.580633 0.025310 0.019290
1 0.326059 0.636767 0.042097 0.018133