0 0.593492 0.519290 0.080062 0.107253
0 0.338456 0.501350 0.027118 0.103009
0 0.380294 0.532407 0.043647 0.066358
0 0.510718 0.537809 0.043647 0.066358
0 0.629907 0.697531 0.049070 0.072531
0 0.394241 0.644097 0.020403 0.126157
0 0.697185 0.698495 0.084452 0.081404
0 0.096204 0.562114 0.191890 0.120370
4 0.035770 0.407986 0.071023 0.258873
2 0.110279 0.673611 0.053202 0.119599
2 0.161415 0.676312 0.044421 0.095679
1 0.093621 0.660494 0.186725 0.320988
4 0.462810 0.431713 0.016012 0.018519
1 0.580062 0.563272 0.140496 0.313272
1 0.432851 0.488040 0.150826 0.164352
1 0.698347 0.627894 0.096074 0.246528
1 0.342071 0.472801 0.020403 0.135417