4 0.365302 0.451509 0.016882 0.055496
4 0.446929 0.728583 0.030711 0.299838
4 0.380747 0.228448 0.039152 0.050647
0 0.639547 0.564386 0.065014 0.102909
0 0.328035 0.483567 0.029274 0.050647
0 0.351562 0.783405 0.041128 0.239763
3 0.331897 0.601832 0.040230 0.146552
3 0.282058 0.455145 0.049749 0.101024
0 0.442529 0.834052 0.141164 0.107759
0 0.576329 0.808863 0.126078 0.109644
0 0.796695 0.761719 0.112428 0.056843
0 0.943157 0.730738 0.066990 0.045528
0 0.913165 0.579607 0.039332 0.076778
4 0.444235 0.495016 0.022450 0.073006
0 0.938308 0.662581 0.039332 0.076778