0 0.452407 0.662177 0.063218 0.410560
0 0.047144 0.898572 0.093930 0.126347
0 0.191990 0.137123 0.074353 0.252155
0 0.248384 0.474946 0.053879 0.087284
0 0.336925 0.494881 0.053879 0.087284
0 0.216325 0.659752 0.119792 0.205280
0 0.333064 0.727505 0.113685 0.069774
0 0.342942 0.831627 0.044361 0.138470
0 0.284393 0.832435 0.044361 0.138470
0 0.404634 0.817619 0.034124 0.135776
0 0.498024 0.632408 0.023348 0.398438
0 0.573904 0.516029 0.075251 0.169450
0 0.116828 0.304688 0.048312 0.094289
0 0.579292 0.707570 0.019935 0.207166