3 0.646952 0.644097 0.131198 0.168596
3 0.886880 0.632523 0.035640 0.021219
3 0.863378 0.750193 0.024793 0.048997
3 0.759685 0.837963 0.154184 0.273920
3 0.479985 0.359954 0.093750 0.303241
3 0.623450 0.444637 0.190083 0.132330
3 0.230759 0.346451 0.362345 0.305556
3 0.801911 0.634066 0.060950 0.025077
3 0.983213 0.836227 0.028926 0.060571
3 0.977014 0.623264 0.028926 0.060571
0 0.355243 0.660494 0.114928 0.215278
0 0.544421 0.673611 0.223140 0.226080
0 0.246772 0.437886 0.115444 0.212191
0 0.176265 0.775656 0.245093 0.448688