0 0.511188 0.394886 0.359568 0.147727
1 0.507137 0.392433 0.375386 0.157800
0 0.218171 0.828254 0.209491 0.039256
4 0.300154 0.812629 0.037809 0.056043
4 0.721451 0.858213 0.065586 0.107438
0 0.845872 0.829545 0.081404 0.050103
0 0.521991 0.291451 0.337963 0.046746
0 0.337963 0.857567 0.030093 0.073089
0 0.631173 0.844912 0.030093 0.073089
0 0.670525 0.861441 0.030093 0.073089
1 0.226659 0.657800 0.222608 0.375517
1 0.782215 0.658574 0.192515 0.369835
1 0.769290 0.362603 0.153549 0.102273
1 0.793403 0.443827 0.119985 0.065857
1 0.249228 0.379132 0.138117 0.067149
1 0.220872 0.439954 0.112269 0.056560
1 0.299769 0.457128 0.050154 0.029959
1 0.714120 0.459840 0.041667 0.027634