2 0.180811 0.770093 0.146295 0.051090
2 0.142495 0.833022 0.058265 0.062305
2 0.259658 0.835514 0.059531 0.036137
2 0.507283 0.906854 0.164661 0.094081
2 0.199810 0.892212 0.100697 0.058567
2 0.306206 0.879439 0.086764 0.045483
2 0.457251 0.670717 0.062065 0.050467
2 0.720076 0.652648 0.062065 0.050467
2 0.414820 0.757321 0.068398 0.036760
2 0.640279 0.919626 0.079797 0.039875
2 0.557948 0.970717 0.079797 0.039875
1 0.349272 0.743302 0.065231 0.024922
1 0.257758 0.744860 0.060798 0.023053
1 0.450918 0.827103 0.093730 0.054206
2 0.354022 0.807477 0.105130 0.047352
1 0.378404 0.859190 0.104497 0.053583
1 0.857505 0.939564 0.253325 0.097196
2 0.968968 0.637695 0.062065 0.050467