4 0.678627 0.482825 0.078704 0.157283
4 0.206983 0.318957 0.169367 0.114669
4 0.222801 0.427428 0.065201 0.085744
4 0.414545 0.270919 0.060571 0.049587
1 0.093750 0.583807 0.182099 0.354597
1 0.249421 0.645790 0.132330 0.172262
1 0.797647 0.643595 0.403164 0.186467
1 0.845679 0.528667 0.308642 0.048554
1 0.893519 0.422521 0.212963 0.054236
1 0.698881 0.335873 0.190201 0.124225
2 0.703511 0.702608 0.123071 0.060692
2 0.119020 0.700542 0.091435 0.035382
2 0.276620 0.695506 0.084877 0.039256
2 0.226659 0.443311 0.035880 0.027118
2 0.769483 0.526989 0.035880 0.027118
0 0.335841 0.329545 0.095293 0.061983
0 0.092400 0.632231 0.178627 0.239153
0 0.249228 0.640108 0.134259 0.163481
0 0.797068 0.627324 0.405864 0.242769
0 0.692130 0.332515 0.195988 0.122676
0 0.893711 0.419551 0.212577 0.051911
0 0.217207 0.350465 0.189043 0.180269