4 0.724690 0.634066 0.030475 0.048225
4 0.621126 0.648727 0.018595 0.041281
4 0.552169 0.666474 0.018595 0.152392
4 0.587423 0.722801 0.029700 0.029707
4 0.598270 0.447724 0.009039 0.042824
4 0.457645 0.548804 0.010847 0.012731
4 0.354855 0.579668 0.016012 0.036651
4 0.384556 0.543210 0.011880 0.058642
4 0.413223 0.558449 0.010331 0.030478
4 0.425878 0.475502 0.010847 0.025077
4 0.422650 0.509452 0.007490 0.019676
4 0.404959 0.604360 0.035640 0.031250
4 0.297392 0.588927 0.014721 0.045139
4 0.272340 0.596258 0.015238 0.040509
4 0.282154 0.638310 0.015754 0.031250
4 0.526860 0.660687 0.025310 0.055170
4 0.496901 0.658951 0.016529 0.032407
4 0.739153 0.729745 0.030992 0.023534
0 0.260201 0.495177 0.020919 0.025849
4 0.599948 0.385802 0.008781 0.017747
4 0.580708 0.390625 0.012655 0.022762
2 0.261105 0.519483 0.013430 0.019676
4 0.729210 0.483218 0.018337 0.079090