0 0.198218 0.657407 0.264205 0.348765
0 0.585227 0.791281 0.163223 0.150463
0 0.828383 0.762924 0.321539 0.206404
0 0.830708 0.391590 0.270403 0.083333
4 0.663352 0.636188 0.042614 0.193673
4 0.710873 0.809606 0.024019 0.111497
4 0.743414 0.810571 0.029184 0.062500
4 0.846333 0.796296 0.030475 0.094907
4 0.781767 0.834877 0.022211 0.053241
4 0.590263 0.505015 0.028151 0.063272
4 0.957645 0.522762 0.026860 0.053241
1 0.224432 0.675733 0.207128 0.310571
1 0.746901 0.765625 0.481921 0.190972
1 0.831870 0.388310 0.265496 0.079861