0 0.186644 0.779736 0.371575 0.200441
0 0.958048 0.762115 0.059932 0.146476
1 0.427654 0.830947 0.110445 0.338106
1 0.729666 0.830947 0.118579 0.257709
0 0.879495 0.431718 0.208476 0.127753
0 0.861301 0.814152 0.133562 0.046806
0 0.834118 0.899229 0.084332 0.123348
1 0.037029 0.779736 0.073202 0.034141
1 0.184075 0.775330 0.082192 0.034141
1 0.062072 0.848018 0.082192 0.034141
1 0.325128 0.839207 0.088613 0.048458
1 0.200985 0.836729 0.108305 0.067731
1 0.827483 0.920154 0.042808 0.024229
0 0.052654 0.266795 0.104452 0.139317
0 0.156892 0.270650 0.104880 0.139317
0 0.296019 0.273128 0.171661 0.140969
1 0.092038 0.713656 0.154966 0.030837