0 0.152585 0.589101 0.299769 0.280475
0 0.827546 0.659349 0.344907 0.176653
1 0.058835 0.531250 0.084491 0.017045
1 0.133873 0.557464 0.072531 0.016271
1 0.168596 0.545067 0.060185 0.014205
1 0.031636 0.543259 0.060185 0.014205
1 0.232639 0.532929 0.136574 0.014205
1 0.199653 0.585227 0.079090 0.014979
1 0.263889 0.638171 0.070216 0.014979
1 0.076968 0.664773 0.149306 0.048037
1 0.014082 0.582128 0.027392 0.014979
1 0.718750 0.609375 0.085648 0.014721
1 0.859568 0.582774 0.061728 0.015238
1 0.894097 0.594137 0.058256 0.014721
1 0.856289 0.608858 0.058256 0.014721
1 0.960455 0.665935 0.079090 0.123192
1 0.800540 0.634298 0.242284 0.013946
1 0.746335 0.646049 0.071373 0.015238
1 0.714313 0.660253 0.071373 0.015238
1 0.846644 0.658445 0.071373 0.015238
1 0.797840 0.710486 0.238426 0.066116
1 0.750386 0.792872 0.165895 0.089360
1 0.937886 0.791322 0.124228 0.089876
1 0.854745 0.767949 0.043596 0.040548