0 0.033833 0.562500 0.057335 0.059414
4 0.405733 0.520640 0.021694 0.045910
4 0.398373 0.617091 0.015238 0.084491
4 0.115444 0.742091 0.019628 0.052855
4 0.679106 0.801119 0.033833 0.116127
4 0.593879 0.816358 0.018337 0.101080
4 0.770661 0.739005 0.017562 0.035880
4 0.825801 0.911651 0.025568 0.094136
4 0.729339 0.928819 0.020145 0.065201
4 0.787061 0.480903 0.028151 0.132330
4 0.472237 0.680748 0.016271 0.032022
4 0.427686 0.690779 0.024277 0.038966
4 0.481147 0.506752 0.012913 0.027392
4 0.243673 0.760031 0.020403 0.070988
4 0.034478 0.612654 0.028667 0.037809
0 0.804236 0.324267 0.045455 0.064429
4 0.314308 0.628858 0.030992 0.086420
2 0.285511 0.727431 0.012138 0.011960
4 0.405992 0.898148 0.028409 0.032407
2 0.509427 0.809606 0.046746 0.044367