3 0.190341 0.523727 0.037707 0.041281
3 0.460227 0.544946 0.033574 0.029707
3 0.595816 0.552662 0.037707 0.029707
3 0.717846 0.517747 0.033833 0.094136
3 0.792097 0.534529 0.020661 0.032022
3 0.836002 0.521798 0.032541 0.032022
3 0.818827 0.482639 0.029184 0.023148
3 0.775181 0.453318 0.029184 0.023148
3 0.889205 0.465856 0.025310 0.027392
3 0.505165 0.200231 0.038223 0.032407
0 0.656379 0.293017 0.043130 0.141590
0 0.565987 0.233603 0.042097 0.038194
4 0.749742 0.271991 0.038740 0.168210
4 0.904313 0.326775 0.042097 0.143519
4 0.907670 0.185185 0.045713 0.104167
0 0.814954 0.141204 0.138688 0.030864
0 0.392304 0.232446 0.080062 0.035880
0 0.252324 0.233410 0.119835 0.043981
3 0.329029 0.191358 0.023760 0.030093
0 0.440728 0.601466 0.698089 0.096451