2 0.607696 0.545332 0.111570 0.134645
1 0.590134 0.407986 0.080062 0.143133
1 0.601369 0.818480 0.154184 0.190201
1 0.392433 0.876929 0.110795 0.192901
1 0.473528 0.701003 0.108213 0.156636
1 0.472753 0.359568 0.037448 0.054784
1 0.350207 0.542438 0.052686 0.210648
1 0.443053 0.383102 0.021436 0.055556
4 0.613895 0.738812 0.030992 0.138117
4 0.576188 0.892747 0.031508 0.213735
2 0.464230 0.413773 0.025568 0.051312
2 0.462939 0.326389 0.026601 0.054784
1 0.498838 0.286844 0.044163 0.099151
2 0.422004 0.453704 0.016012 0.033951
2 0.407670 0.401042 0.020919 0.035880