4 0.616865 0.473958 0.026085 0.035880
2 0.380940 0.480903 0.048037 0.014275
2 0.355630 0.498071 0.023244 0.018519
2 0.367510 0.517554 0.025310 0.011960
2 0.433626 0.495949 0.025310 0.011960
2 0.571539 0.495949 0.029442 0.013503
2 0.357567 0.418403 0.021436 0.009645
2 0.633781 0.491705 0.029442 0.013503
2 0.785899 0.482060 0.027376 0.013503
2 0.380165 0.418017 0.012913 0.008873
4 0.804494 0.458526 0.023760 0.034336
0 0.369576 0.387153 0.044938 0.032793
1 0.374871 0.437307 0.057593 0.070602
1 0.389850 0.504437 0.058626 0.035880
5 0.524923 0.614005 0.052944 0.056713