0 0.627583 0.734375 0.122934 0.350694
1 0.500129 0.760610 0.999742 0.400849
4 0.702221 0.673032 0.185950 0.207948
4 0.701705 0.317323 0.061467 0.161651
4 0.622805 0.290895 0.056560 0.179012
4 0.844137 0.217400 0.045713 0.094522
4 0.770145 0.210841 0.075930 0.062114
4 0.887784 0.308063 0.045713 0.094522
4 0.925491 0.401427 0.045713 0.094522
4 0.965005 0.534529 0.069990 0.176312
2 0.841296 0.685764 0.027118 0.016590
2 0.915935 0.683449 0.027118 0.016590
2 0.625904 0.714313 0.027118 0.016590
4 0.884168 0.809414 0.038998 0.117284
4 0.707903 0.862847 0.024793 0.087577
1 0.511493 0.504437 0.132490 0.101466
0 0.652763 0.158758 0.429494 0.081404