1 0.793337 0.597780 0.268868 0.482030
1 0.567659 0.765328 0.074587 0.282241
1 0.163031 0.650106 0.290684 0.422833
1 0.421728 0.517970 0.230248 0.257928
0 0.815448 0.548626 0.200472 0.217759
0 0.750590 0.715645 0.198703 0.116279
0 0.721108 0.887156 0.139741 0.225687
0 0.188384 0.720666 0.202830 0.254228
0 0.500147 0.713002 0.067512 0.110994
0 0.305867 0.904334 0.081073 0.191332
0 0.344192 0.573467 0.058667 0.076110
0 0.441185 0.599101 0.081663 0.065011
4 0.870725 0.678383 0.081663 0.643235
1 0.496610 0.703488 0.061616 0.062368