3 0.409956 0.371945 0.127379 0.096706
3 0.540630 0.643730 0.065154 0.034538
3 0.782577 0.650372 0.055637 0.037194
3 0.590410 0.406482 0.051977 0.039320
3 0.702416 0.704038 0.040264 0.028693
3 0.265007 0.348300 0.058565 0.045165
3 0.688873 0.587673 0.049780 0.040383
3 0.260981 0.284272 0.098829 0.056323
3 0.502196 0.547024 0.090776 0.041977
3 0.613836 0.622742 0.076867 0.046759
3 0.562225 0.851488 0.046852 0.044102
3 0.396047 0.920829 0.070278 0.054198
3 0.557101 0.598831 0.071742 0.036132
3 0.599195 0.451116 0.123719 0.035069
3 0.752562 0.534538 0.105417 0.069075