4 0.086648 0.494485 0.048295 0.180147
4 0.031757 0.614277 0.063109 0.096814
4 0.739144 0.217525 0.058644 0.116422
4 0.779525 0.353248 0.065950 0.154412
4 0.826400 0.513480 0.065950 0.154412
4 0.763291 0.663603 0.065950 0.154412
4 0.721287 0.866881 0.089083 0.266238
5 0.387581 0.898897 0.099026 0.058824
5 0.492086 0.823223 0.099026 0.058824
5 0.618506 0.790748 0.099026 0.058824
5 0.604505 0.856311 0.099026 0.058824
5 0.495434 0.960938 0.079343 0.042586
5 0.626116 0.936121 0.065544 0.040135
5 0.618202 0.979933 0.065544 0.040135
5 0.277902 0.948683 0.065544 0.040135
5 0.194501 0.912224 0.065544 0.040135