4 0.465134 0.299961 0.021178 0.092207
3 0.522469 0.416860 0.012397 0.023534
0 0.410640 0.286073 0.021178 0.094522
0 0.387784 0.263503 0.016787 0.053241
4 0.364282 0.264853 0.019886 0.057485
0 0.441890 0.258102 0.033574 0.025463
0 0.501162 0.292052 0.047779 0.074846
4 0.490315 0.298032 0.018853 0.045139
0 0.573735 0.286844 0.072056 0.032022
0 0.551395 0.336227 0.027893 0.066744
0 0.570506 0.390046 0.059401 0.038580
1 0.370222 0.480710 0.088068 0.168981
1 0.703642 0.381559 0.043647 0.124228
1 0.869447 0.364776 0.044163 0.149306
1 0.796100 0.374035 0.028151 0.089120
1 0.758006 0.381944 0.037190 0.098765
1 0.767045 0.238619 0.059401 0.032022
1 0.920971 0.324267 0.044421 0.143904
0 0.723786 0.599537 0.052944 0.226852
0 0.771049 0.600309 0.025052 0.228395
0 0.825155 0.521605 0.083161 0.070988
0 0.901085 0.621528 0.052686 0.264660
0 0.857051 0.656250 0.035382 0.196759