0 0.270274 0.751350 0.321539 0.088349
0 0.711906 0.748457 0.329287 0.073302
0 0.445635 0.436728 0.065857 0.063272
0 0.184917 0.434606 0.050620 0.119213
0 0.146694 0.490741 0.025310 0.231481
0 0.239799 0.392361 0.059143 0.038580
0 0.121126 0.476273 0.015496 0.185571
0 0.114024 0.639082 0.017304 0.123071
5 0.690470 0.484761 0.107696 0.066744
5 0.783833 0.467207 0.020661 0.146605
5 0.810692 0.521605 0.025826 0.240741
0 0.844396 0.500193 0.042097 0.146991
5 0.409349 0.530285 0.033574 0.080633
0 0.281121 0.489776 0.054494 0.054398
0 0.280733 0.416474 0.020661 0.092207
4 0.372159 0.387153 0.082128 0.045910
4 0.490315 0.381559 0.100465 0.045525
4 0.434659 0.432292 0.021694 0.040509
4 0.578125 0.377894 0.030217 0.038966
0 0.845300 0.643904 0.037190 0.043210
0 0.202479 0.540702 0.079545 0.090664
1 0.146436 0.671296 0.022727 0.015432
1 0.178461 0.661458 0.023244 0.013503
1 0.199768 0.678434 0.049329 0.014275
1 0.154571 0.689622 0.023502 0.012731
1 0.138042 0.653935 0.015754 0.014660
1 0.200801 0.696373 0.037448 0.013117
1 0.233213 0.695216 0.023760 0.021605
1 0.125129 0.709491 0.027634 0.018519
1 0.158316 0.718557 0.013946 0.014275
1 0.208936 0.714506 0.067665 0.016975
1 0.121513 0.734182 0.020919 0.013889
1 0.203771 0.774113 0.048037 0.020448
1 0.397469 0.742091 0.023760 0.015046
1 0.422650 0.737461 0.013171 0.016590
1 0.814954 0.731674 0.022986 0.015046
1 0.831741 0.718171 0.022986 0.015046
1 0.858600 0.719522 0.024535 0.023148
4 0.696152 0.699846 0.053461 0.101852