0 0.938909 0.724783 0.122183 0.550434
0 0.060498 0.649247 0.119810 0.701506
2 0.626928 0.099726 0.144721 0.045185
2 0.357355 0.122090 0.061091 0.025103
2 0.664591 0.159516 0.091934 0.047010
2 0.479537 0.276814 0.091934 0.047010
2 0.711151 0.219078 0.054567 0.040164
2 0.748221 0.360566 0.163108 0.118667
2 0.322361 0.188498 0.123962 0.050205
2 0.164887 0.275217 0.074733 0.062072
2 0.208185 0.374487 0.051008 0.034231
2 0.141756 0.416933 0.051008 0.034231
2 0.260380 0.237791 0.085409 0.060246
2 0.280842 0.315609 0.050415 0.047923
2 0.536477 0.195573 0.152432 0.067093
1 0.944247 0.130762 0.110320 0.224099