0 0.840664 0.439437 0.308642 0.312242
0 0.875772 0.755553 0.248457 0.323089
0 0.534722 0.371901 0.282407 0.743285
0 0.096258 0.601756 0.191744 0.293905
5 0.302662 0.626550 0.168596 0.095041
5 0.714313 0.673295 0.074460 0.154442
1 0.177469 0.675749 0.115741 0.027118
1 0.166281 0.716167 0.141204 0.036157
1 0.815779 0.479210 0.132330 0.025568
1 0.874035 0.500646 0.132330 0.025568
1 0.933642 0.519499 0.132716 0.025568
1 0.930556 0.372030 0.132716 0.025568
1 0.815201 0.440987 0.132716 0.025568
1 0.964506 0.463585 0.070988 0.028409
1 0.333719 0.695894 0.118056 0.027634
1 0.756752 0.812629 0.197917 0.148502
5 0.729552 0.539127 0.066358 0.076188