5 0.559152 0.295037 0.068385 0.188725
5 0.128856 0.287224 0.256088 0.151042
4 0.537642 0.298713 0.048498 0.226716
4 0.600142 0.097580 0.043628 0.187806
5 0.718750 0.358150 0.222403 0.171569
5 0.772321 0.131587 0.139205 0.119792
5 0.797484 0.235294 0.400568 0.047794
5 0.477476 0.124847 0.092532 0.041360
5 0.505986 0.023284 0.044034 0.035539
5 0.387581 0.402727 0.090909 0.035233
5 0.560775 0.465533 0.113433 0.039522
5 0.904830 0.121017 0.129464 0.058211
5 0.790381 0.031556 0.069805 0.058824
5 0.923498 0.332414 0.148539 0.058824
5 0.936790 0.445159 0.057427 0.044118