6 0.189179 0.438272 0.265754 0.138889
6 0.157412 0.604938 0.211002 0.179784
6 0.579804 0.671875 0.113120 0.070602
6 0.131973 0.299383 0.104855 0.131944
3 0.254132 0.293789 0.025310 0.031250
6 0.575413 0.906829 0.556302 0.024306
3 0.943827 0.768711 0.017304 0.036651
3 0.437371 0.294946 0.031767 0.030478
3 0.541193 0.336998 0.036932 0.026620
3 0.487862 0.252894 0.049070 0.018904
3 0.538094 0.255401 0.016271 0.015432
3 0.612345 0.285108 0.035640 0.054012
3 0.525052 0.425926 0.050103 0.036265
3 0.615702 0.432677 0.024277 0.018133
3 0.758135 0.423611 0.198605 0.026235
3 0.678848 0.472415 0.017304 0.024306
3 0.713714 0.475887 0.018853 0.021219
3 0.404700 0.428434 0.035124 0.045139
6 0.943440 0.726080 0.024793 0.037809
6 0.580191 0.777585 0.073089 0.062886
6 0.397469 0.626736 0.262913 0.067515
6 0.282929 0.780864 0.062758 0.097994
6 0.454029 0.727816 0.044938 0.087577
6 0.779571 0.624807 0.244576 0.032793
6 0.856534 0.538194 0.068440 0.061728
6 0.795196 0.472994 0.131715 0.030093
6 0.599432 0.487076 0.085744 0.027392
6 0.755424 0.547068 0.120351 0.059414
6 0.477531 0.490355 0.103822 0.030864
6 0.375904 0.512346 0.095300 0.081790
3 0.795971 0.337384 0.077996 0.030478
3 0.833807 0.293981 0.049845 0.049383
3 0.845041 0.245563 0.024793 0.031250
3 0.273244 0.086420 0.019112 0.047840
3 0.223657 0.142361 0.044421 0.019290
3 0.160124 0.145062 0.044421 0.019290
3 0.169034 0.174190 0.026601 0.023534
3 0.153280 0.055363 0.026601 0.023534
3 0.130553 0.026813 0.026601 0.023534
3 0.118931 0.083526 0.022469 0.040509
3 0.298037 0.260224 0.017562 0.024306
3 0.541710 0.484568 0.014205 0.030093
3 0.904442 0.811728 0.014979 0.030093
3 0.899664 0.896026 0.020403 0.034336
3 0.924458 0.581019 0.038481 0.101852
3 0.972237 0.485147 0.055527 0.244213
3 0.980759 0.648920 0.038481 0.101852
3 0.921617 0.677855 0.018853 0.051698
3 0.945119 0.665702 0.029184 0.058256
3 0.919809 0.731674 0.017304 0.036651