0 0.123905 0.530602 0.243638 0.427443
0 0.904464 0.690523 0.144347 0.303060
0 0.753859 0.737167 0.146016 0.395360
1 0.124113 0.833169 0.244055 0.176703
1 0.343763 0.612784 0.073425 0.033070
1 0.343137 0.652024 0.071339 0.027641
1 0.349186 0.691264 0.057572 0.023198
1 0.939508 0.603406 0.073425 0.033070
1 0.900918 0.665844 0.077180 0.028628
1 0.903004 0.703356 0.074677 0.022705
1 0.706300 0.526654 0.049228 0.029615
1 0.788694 0.509625 0.067167 0.025173
0 0.313934 0.741609 0.134752 0.339092
0 0.408427 0.181639 0.127660 0.145114