0 0.134168 0.557292 0.267820 0.064429
0 0.486570 0.690394 0.204029 0.133102
0 0.120610 0.678819 0.240702 0.178627
0 0.694215 0.651042 0.155475 0.251157
0 0.496255 0.584105 0.239411 0.073302
4 0.493802 0.513503 0.035640 0.054012
4 0.564050 0.525849 0.069731 0.094136
0 0.885976 0.700617 0.228048 0.185185
5 0.174329 0.637539 0.049070 0.079090
5 0.072314 0.661458 0.144112 0.089120
0 0.366736 0.538002 0.023760 0.052083
0 0.310563 0.689622 0.146952 0.136188
0 0.314179 0.775656 0.124225 0.044367
5 0.663998 0.664159 0.094008 0.081404
5 0.540031 0.710262 0.093492 0.057870
5 0.541839 0.639275 0.049587 0.043210
0 0.452092 0.484375 0.149535 0.029707
0 0.064566 0.503472 0.128616 0.041667
4 0.450155 0.679398 0.019112 0.035494