1 0.715040 0.459121 0.237467 0.333626
1 0.337071 0.456923 0.237027 0.332747
1 0.526385 0.324396 0.139842 0.072088
1 0.525726 0.569670 0.141161 0.114286
0 0.883905 0.395824 0.098505 0.426813
0 0.260994 0.800000 0.244943 0.335824
0 0.447889 0.745934 0.094547 0.083516
1 0.180519 0.572527 0.075198 0.100659
0 0.661170 0.776923 0.108619 0.097143
5 0.293975 0.437363 0.144679 0.042198
5 0.238347 0.531209 0.036939 0.148132
5 0.298373 0.540220 0.043536 0.168791
5 0.593008 0.569670 0.083993 0.111648
5 0.653914 0.435165 0.115215 0.050989