3 0.421100 0.343750 0.053461 0.089506
6 0.463972 0.247492 0.035899 0.049769
3 0.339230 0.300733 0.016271 0.035880
3 0.339489 0.228588 0.016271 0.035880
3 0.454545 0.402778 0.020145 0.037809
3 0.622288 0.632716 0.026601 0.057870
3 0.640238 0.677469 0.040806 0.047840
3 0.572831 0.478588 0.023244 0.028164
6 0.565341 0.395833 0.095041 0.100309
6 0.462035 0.453125 0.096074 0.116898
6 0.472882 0.558256 0.097107 0.087963
6 0.631327 0.780864 0.096849 0.139660
3 0.693957 0.834684 0.018079 0.037423
3 0.753874 0.834491 0.021178 0.046296
3 0.755553 0.894676 0.019370 0.032407
6 0.373838 0.259645 0.031767 0.078704