0 0.142991 0.775145 0.202804 0.195376
0 0.321028 0.821965 0.153271 0.110983
0 0.471495 0.778613 0.145794 0.174566
0 0.174299 0.572832 0.166355 0.209249
0 0.656075 0.723699 0.081308 0.136416
0 0.792523 0.563006 0.071963 0.094798
0 0.928505 0.459538 0.140187 0.109827
5 0.900000 0.468208 0.032710 0.080925
5 0.934579 0.463584 0.032710 0.080925
5 0.976636 0.457803 0.032710 0.080925
0 0.577103 0.719075 0.072897 0.106358
5 0.649065 0.611561 0.031776 0.092486
5 0.600000 0.583815 0.032710 0.157225
5 0.544393 0.548555 0.035514 0.227746