0 0.267168 0.525052 0.162423 0.331612
0 0.829090 0.577867 0.341821 0.492510
0 0.090085 0.632231 0.179398 0.429752
2 0.680556 0.530088 0.087963 0.036415
2 0.693287 0.674716 0.087963 0.036415
1 0.066551 0.550232 0.132330 0.035382
1 0.824460 0.603951 0.226080 0.029700
1 0.911458 0.534349 0.177083 0.041322
1 0.824846 0.490961 0.237654 0.025826
1 0.861497 0.672262 0.277006 0.029959
1 0.830826 0.711519 0.237269 0.028409
1 0.036458 0.620868 0.072145 0.029442
1 0.061921 0.707903 0.123071 0.073347
1 0.263696 0.760331 0.166281 0.138946