4 0.838972 0.298418 0.060176 0.073688
4 0.946023 0.329668 0.059917 0.155478
0 0.069602 0.235340 0.070506 0.060957
0 0.212035 0.212191 0.206612 0.033951
0 0.164773 0.248650 0.066632 0.040509
0 0.271565 0.246142 0.092717 0.037809
0 0.685692 0.235147 0.141529 0.068287
0 0.875258 0.224537 0.234504 0.026235
0 0.850336 0.245756 0.049845 0.020062
0 0.923425 0.245177 0.047779 0.022762
0 0.340005 0.307485 0.017820 0.039352
0 0.451446 0.309414 0.169421 0.038580
0 0.573347 0.350309 0.022211 0.047840
0 0.018853 0.430363 0.025826 0.244213
0 0.019886 0.278164 0.033574 0.023920