3 0.022856 0.326775 0.043130 0.115741
3 0.039902 0.471258 0.079287 0.110725
3 0.051653 0.708333 0.077479 0.099537
3 0.549458 0.389660 0.040031 0.079475
3 0.777118 0.454861 0.034091 0.060957
0 0.357051 0.121335 0.044163 0.049769
0 0.393853 0.131944 0.024277 0.053241
0 0.425103 0.139082 0.037707 0.048997
3 0.090909 0.319637 0.068698 0.123071
3 0.152247 0.327353 0.044163 0.122299
3 0.214101 0.340664 0.073864 0.125772
3 0.302169 0.346644 0.084711 0.101466
3 0.332645 0.428241 0.043388 0.067130
3 0.411544 0.378279 0.080837 0.085262
3 0.606147 0.413002 0.063017 0.125386
3 0.691761 0.419367 0.096849 0.137346
3 0.819215 0.479167 0.034091 0.060957
3 0.854210 0.474730 0.025052 0.046682
3 0.899406 0.481289 0.025052 0.046682
3 0.934788 0.480710 0.033833 0.067130