4 0.503228 0.565972 0.021436 0.048611
4 0.496384 0.491319 0.010331 0.021219
4 0.397469 0.569059 0.012397 0.047840
4 0.329029 0.520448 0.022727 0.062500
4 0.294938 0.566551 0.016012 0.045910
4 0.177040 0.448302 0.010589 0.039352
4 0.190728 0.368056 0.010589 0.028549
4 0.186467 0.403742 0.009814 0.021219
4 0.102531 0.470679 0.017562 0.030864
4 0.227273 0.452932 0.008781 0.015432
4 0.202738 0.456404 0.015496 0.023920
4 0.493414 0.416474 0.015238 0.079861
4 0.288094 0.528356 0.014205 0.030478
0 0.573864 0.515818 0.014979 0.030864
0 0.575801 0.569830 0.016787 0.054012
1 0.679106 0.501543 0.066374 0.020833