3 0.737087 0.487654 0.048554 0.097994
3 0.678461 0.511188 0.055269 0.050926
3 0.620868 0.518133 0.044421 0.044753
3 0.532541 0.533951 0.068698 0.047840
3 0.462164 0.539352 0.035382 0.037037
3 0.380294 0.557485 0.035382 0.037037
3 0.338068 0.599537 0.040806 0.067901
3 0.299199 0.469136 0.031767 0.044753
3 0.154442 0.408372 0.032025 0.096065
3 0.611441 0.381944 0.045713 0.054012
3 0.511235 0.397569 0.040548 0.035108
3 0.510072 0.650077 0.064566 0.067130
3 0.601627 0.638889 0.057076 0.051698
3 0.659220 0.626350 0.040548 0.050540
3 0.450801 0.666474 0.021952 0.042824
3 0.323476 0.733218 0.026601 0.042824
3 0.260201 0.782600 0.026601 0.042824
3 0.207774 0.808256 0.031250 0.047068
3 0.150181 0.763696 0.037448 0.055941
3 0.205579 0.735725 0.027893 0.036265
3 0.073089 0.799961 0.028409 0.035108
3 0.064824 0.699846 0.050103 0.044753
3 0.266529 0.829475 0.053719 0.028549
3 0.170325 0.849151 0.043647 0.030093
3 0.321281 0.802469 0.057851 0.046296