0 0.238852 0.761043 0.304636 0.308472
0 0.776821 0.586169 0.168212 0.385952
0 0.808609 0.821868 0.166446 0.088342
0 0.671965 0.722303 0.043267 0.129616
0 0.957174 0.821868 0.066225 0.091238
0 0.519426 0.253077 0.260044 0.103548
0 0.158720 0.428675 0.143488 0.104272
4 0.336203 0.681752 0.033996 0.136857
4 0.316115 0.787835 0.029139 0.073860
4 0.270861 0.833816 0.039294 0.158581
4 0.227152 0.869298 0.027815 0.091962
4 0.187859 0.870022 0.027815 0.091962
4 0.148565 0.870022 0.027815 0.091962
0 0.696909 0.269008 0.096689 0.106445
0 0.788300 0.273353 0.052539 0.112238
0 0.225828 0.537292 0.055188 0.078204
4 0.415011 0.281680 0.049448 0.068067
1 0.218322 0.565894 0.347461 0.690080
1 0.766667 0.541636 0.233554 0.637219
1 0.939073 0.502896 0.049448 0.102100