5 0.707948 0.353726 0.031386 0.224959
5 0.766033 0.360546 0.030707 0.214169
5 0.737840 0.577769 0.093886 0.223127
0 0.220992 0.700428 0.132473 0.147598
0 0.737976 0.338151 0.030842 0.172231
0 0.480503 0.567081 0.036277 0.577158
0 0.343546 0.759568 0.111549 0.072476
0 0.420992 0.700020 0.043342 0.194015
0 0.682813 0.625509 0.031929 0.205822
3 0.479552 0.325122 0.075679 0.081433
1 0.291033 0.361258 0.335326 0.291327
1 0.203872 0.710403 0.168342 0.302321
1 0.328125 0.793567 0.082880 0.140472
1 0.590897 0.311686 0.206250 0.184446
1 0.876698 0.343954 0.246603 0.290513
1 0.224524 0.532879 0.127310 0.051099