0 0.500129 0.606674 0.999742 0.786651
2 0.551395 0.252894 0.121901 0.054398
2 0.696539 0.328511 0.067149 0.064429
2 0.724303 0.450617 0.118027 0.087191
2 0.451317 0.477816 0.136105 0.072145
2 0.893595 0.559992 0.212810 0.138503
2 0.092071 0.432677 0.122159 0.064429
2 0.155604 0.319059 0.147469 0.051698
2 0.167355 0.387731 0.076963 0.051698
2 0.146436 0.533565 0.108988 0.049383
2 0.069731 0.515046 0.056818 0.077932
1 0.350465 0.379437 0.232438 0.044367
1 0.286674 0.308835 0.117252 0.047454
1 0.350207 0.340664 0.108988 0.039352
1 0.484246 0.333526 0.067149 0.045139
1 0.590909 0.326196 0.067149 0.045139
1 0.619706 0.365355 0.113895 0.049383
2 0.638301 0.482639 0.057076 0.087191
2 0.567020 0.531443 0.099432 0.086034
1 0.576575 0.401427 0.165031 0.047454
1 0.805398 0.322724 0.165031 0.047454
1 0.865573 0.359375 0.268853 0.060571
1 0.911028 0.426119 0.165031 0.047454
1 0.331999 0.188657 0.118543 0.054012
1 0.511493 0.138889 0.118543 0.054012
1 0.607180 0.095100 0.060950 0.055941
1 0.702221 0.093171 0.060950 0.055941
1 0.802944 0.091242 0.060950 0.055941
1 0.403667 0.106674 0.060950 0.055941
1 0.302686 0.107060 0.060950 0.055941
1 0.180656 0.048611 0.087552 0.059414
1 0.901601 0.085455 0.060950 0.055941
1 0.961777 0.237076 0.076446 0.045139
1 0.902118 0.017361 0.195764 0.033951
2 0.188404 0.118827 0.098915 0.060185