4 0.535687 0.235666 0.185571 0.071539
4 0.300540 0.541710 0.052469 0.183626
1 0.838927 0.576834 0.322145 0.152634
1 0.332562 0.601369 0.160494 0.143337
0 0.276235 0.604210 0.049383 0.136622
0 0.366705 0.610925 0.132330 0.108213
0 0.652392 0.576963 0.050926 0.153409
0 0.744985 0.543259 0.134259 0.071023
0 0.871914 0.593492 0.256173 0.029959
0 0.905671 0.561467 0.188657 0.034091
2 0.286651 0.646565 0.052469 0.024019
2 0.298032 0.620480 0.028935 0.027634
5 0.719329 0.150826 0.071373 0.074380
5 0.325039 0.146436 0.071373 0.074380
4 0.798418 0.361699 0.181713 0.086519