0 0.536265 0.692924 0.927469 0.154959
1 0.117091 0.627583 0.090664 0.021694
1 0.271605 0.601627 0.068673 0.018337
1 0.270448 0.627970 0.068673 0.018337
1 0.207948 0.704804 0.270062 0.132231
1 0.402392 0.666064 0.120370 0.028409
1 0.556906 0.660511 0.090664 0.016787
1 0.737654 0.700284 0.176698 0.016787
1 0.816358 0.754261 0.176698 0.016787
1 0.800540 0.741606 0.232253 0.017820
1 0.564043 0.744447 0.096451 0.015754
1 0.390432 0.744447 0.096451 0.015754
1 0.432099 0.729985 0.096451 0.015754
1 0.477623 0.716038 0.096451 0.015754
1 0.390046 0.687113 0.096451 0.015754
1 0.164159 0.823605 0.182485 0.104855
1 0.628279 0.819731 0.570602 0.096074
1 0.299383 0.796617 0.088735 0.052944
0 0.274884 0.574897 0.069830 0.018595
0 0.426890 0.554236 0.158565 0.019112
0 0.409529 0.608213 0.125386 0.038223
0 0.938272 0.579804 0.123457 0.018595
1 0.387731 0.634039 0.081790 0.013946