1 0.647520 0.792622 0.411488 0.268444
1 0.093473 0.717917 0.062663 0.021079
1 0.063446 0.794792 0.060052 0.038438
1 0.130809 0.741785 0.054830 0.027898
1 0.255091 0.733416 0.043342 0.021079
1 0.306527 0.747675 0.037598 0.018599
1 0.384856 0.749535 0.037598 0.018599
1 0.380679 0.797892 0.037598 0.018599
1 0.411749 0.851209 0.050653 0.027278
1 0.363446 0.886237 0.042820 0.017979
1 0.305483 0.873838 0.042820 0.017979
1 0.248564 0.868258 0.042820 0.017979
1 0.130026 0.824241 0.053264 0.032858
1 0.100522 0.886237 0.107050 0.019219
1 0.910444 0.715747 0.116449 0.109733
2 0.237859 0.248605 0.064230 0.057037
1 0.321932 0.200248 0.133159 0.053317
1 0.154047 0.160880 0.065796 0.036578
5 0.678329 0.607564 0.339426 0.050837
0 0.238642 0.510539 0.404178 0.159330
2 0.052219 0.232486 0.071018 0.066956