0 0.194940 0.347388 0.309524 0.343585
0 0.185392 0.085813 0.209573 0.170966
0 0.554439 0.477348 0.219990 0.354167
0 0.791419 0.599041 0.153770 0.291336
0 0.689236 0.481647 0.049603 0.124008
0 0.405878 0.403604 0.072669 0.173611
0 0.125868 0.840774 0.251240 0.318452
0 0.372892 0.868221 0.244296 0.263558
0 0.612103 0.907738 0.236111 0.184524
0 0.865079 0.937169 0.269841 0.125661
5 0.026662 0.453042 0.052827 0.353836
5 0.141369 0.371362 0.058532 0.177910
5 0.097346 0.552745 0.124752 0.206019
5 0.355283 0.427414 0.098462 0.238426
5 0.456969 0.471561 0.106399 0.242063
5 0.565724 0.559028 0.076885 0.141865
5 0.682540 0.557870 0.134425 0.261905
5 0.884549 0.640873 0.230903 0.294312