5 0.500165 0.059400 0.999669 0.057292
5 0.500165 0.291791 0.999669 0.046875
5 0.698082 0.366071 0.603836 0.044643
5 0.278439 0.142609 0.556217 0.047619
5 0.500165 0.452505 0.999669 0.043899
5 0.500165 0.528398 0.999669 0.043899
5 0.497685 0.610863 0.994709 0.051091
5 0.824405 0.656250 0.097222 0.067460
5 0.955688 0.720610 0.088624 0.092510
5 0.697421 0.725322 0.088624 0.092510
5 0.555060 0.873388 0.302579 0.097470
5 0.542163 0.678075 0.211971 0.044643
5 0.477679 0.759425 0.342262 0.049107
5 0.289517 0.947917 0.109458 0.094742
5 0.798115 0.327009 0.077050 0.041915
5 0.915509 0.225570 0.094907 0.043403
5 0.771495 0.185516 0.085317 0.092262
5 0.063161 0.790303 0.099206 0.073165
5 0.225364 0.844246 0.293320 0.041171