2 0.424107 0.574281 0.518188 0.140625
2 0.307374 0.301215 0.216601 0.131696
2 0.468419 0.431796 0.590278 0.084325
2 0.291005 0.704737 0.255291 0.080605
2 0.841931 0.703249 0.316138 0.118800
2 0.646991 0.805680 0.305225 0.102927
2 0.381448 0.778274 0.118717 0.067956
2 0.368056 0.876860 0.142857 0.050843
2 0.519511 0.902530 0.094577 0.039187
2 0.556217 0.869420 0.128307 0.038442
2 0.210979 0.795015 0.141534 0.048859
2 0.630291 0.350322 0.167989 0.079613
1 0.321925 0.929191 0.473876 0.141617
1 0.881779 0.341022 0.236442 0.266865