0 0.163070 0.447421 0.252232 0.115079
0 0.353671 0.347884 0.369048 0.109127
0 0.233259 0.250496 0.383681 0.104167
0 0.285962 0.157903 0.481151 0.101521
0 0.232763 0.083664 0.375744 0.083333
0 0.118180 0.024306 0.145585 0.046627
0 0.105159 0.559193 0.156746 0.118386
0 0.636409 0.550265 0.206845 0.136243
0 0.230531 0.662202 0.412946 0.119378
0 0.649182 0.772817 0.211558 0.145503
0 0.591146 0.914187 0.334077 0.170304
0 0.150546 0.923446 0.288194 0.151786
0 0.897941 0.239749 0.204117 0.146825
5 0.817460 0.180060 0.055556 0.096230
5 0.809896 0.066138 0.052827 0.131614