0 0.168981 0.307540 0.337302 0.151290
0 0.669478 0.249380 0.661045 0.275546
0 0.127149 0.513393 0.214616 0.258929
3 0.620866 0.429439 0.111442 0.090030
3 0.563988 0.214534 0.110119 0.099702
3 0.042989 0.541295 0.085317 0.095486
3 0.172123 0.486855 0.054563 0.047619
3 0.289187 0.462674 0.110119 0.084573
3 0.402943 0.508185 0.050595 0.032738
3 0.475529 0.428447 0.091931 0.070188
3 0.512235 0.545387 0.070767 0.047123
3 0.804398 0.669519 0.071759 0.053819
3 0.799107 0.182416 0.071759 0.053819
3 0.825728 0.251240 0.080688 0.053571
3 0.957507 0.187500 0.050595 0.047619
3 0.741733 0.335938 0.066799 0.055308
3 0.909061 0.318452 0.097884 0.047123
0 0.823743 0.538070 0.130291 0.303819