0 0.141369 0.274182 0.155093 0.077133
0 0.527612 0.472966 0.941468 0.321429
0 0.727679 0.674975 0.544643 0.082093
0 0.548115 0.839534 0.455357 0.111111
0 0.370205 0.709325 0.174272 0.151786
0 0.184689 0.762029 0.192791 0.176835
0 0.630291 0.185888 0.739418 0.256200
1 0.572917 0.220238 0.554563 0.149802
1 0.375992 0.763269 0.185847 0.269593
5 0.744048 0.248264 0.121693 0.080853
5 0.161210 0.163194 0.270833 0.103175
5 0.600694 0.151414 0.256944 0.056300
5 0.852183 0.075521 0.111111 0.031994
5 0.195271 0.649058 0.102844 0.056548
5 0.056713 0.753596 0.112765 0.056300