2 0.092262 0.049272 0.171627 0.091931
2 0.445685 0.138062 0.250000 0.118056
2 0.495784 0.472222 0.175595 0.134259
2 0.657986 0.255787 0.153274 0.115410
1 0.294643 0.253307 0.582341 0.106481
1 0.294023 0.147321 0.162946 0.114087
1 0.073041 0.482970 0.145585 0.125992
1 0.340402 0.592097 0.680308 0.121362
1 0.550099 0.822090 0.610615 0.121693
1 0.701637 0.703869 0.212302 0.110780
1 0.085441 0.719411 0.170387 0.114087
1 0.908730 0.574901 0.182540 0.110119
1 0.923363 0.258267 0.153274 0.107804
1 0.791543 0.054894 0.416915 0.109127
1 0.684648 0.152116 0.216022 0.108466