3 0.399636 0.486607 0.139881 0.069444
3 0.340774 0.430432 0.045304 0.044395
3 0.349206 0.355779 0.047619 0.034474
3 0.395172 0.251364 0.080688 0.053819
3 0.416005 0.160962 0.079365 0.059028
3 0.447917 0.050223 0.065807 0.062748
5 0.430886 0.731399 0.525794 0.537202
5 0.844411 0.729787 0.311177 0.540427
5 0.766204 0.329117 0.168651 0.204861
5 0.576224 0.399926 0.165675 0.122272
5 0.620370 0.134549 0.216931 0.118800
5 0.890542 0.038318 0.218915 0.076141
0 0.490245 0.275918 0.463294 0.551339
0 0.177745 0.773810 0.172288 0.452381