0 0.167493 0.885417 0.276786 0.229167
0 0.267692 0.653770 0.276786 0.229167
0 0.413029 0.345858 0.356481 0.384673
3 0.501653 0.208829 0.101190 0.067956
3 0.349537 0.321677 0.049603 0.052579
3 0.448909 0.282242 0.041997 0.037202
3 0.312665 0.390625 0.041997 0.037202
3 0.302083 0.437748 0.041997 0.037202
3 0.303406 0.500496 0.053902 0.051091
3 0.285218 0.565600 0.055225 0.056796
3 0.368221 0.361235 0.034722 0.029018
3 0.235450 0.665551 0.065476 0.065228
3 0.209656 0.743304 0.088624 0.054067
3 0.138558 0.856895 0.043651 0.042659
3 0.321429 0.746032 0.046296 0.032738
0 0.679729 0.093130 0.292659 0.185764
5 0.758267 0.512401 0.333995 0.107143
5 0.448909 0.656002 0.225198 0.088790
5 0.572090 0.828869 0.153439 0.264881
5 0.894511 0.751364 0.204365 0.331101
5 0.768684 0.592014 0.268188 0.083333
5 0.816468 0.403398 0.367063 0.131696
5 0.880952 0.114707 0.231481 0.228919
3 0.171296 0.976811 0.123016 0.046379