5 0.397156 0.364211 0.162037 0.191716
5 0.905093 0.394593 0.189815 0.248512
5 0.298611 0.586682 0.159392 0.185764
5 0.183532 0.938244 0.366402 0.123512
5 0.709160 0.589410 0.262235 0.141121
5 0.552579 0.282366 0.157407 0.039435
5 0.451389 0.196553 0.238095 0.080605
5 0.790675 0.775918 0.133598 0.125248
0 0.592097 0.493428 0.433532 0.105903
0 0.718750 0.339038 0.185516 0.208333
0 0.703538 0.160590 0.262897 0.108383
0 0.198743 0.451017 0.231481 0.274058
5 0.886243 0.202381 0.109788 0.053571
5 0.548611 0.936384 0.255952 0.072669
5 0.819114 0.875620 0.170635 0.054315