1 0.744573 0.221055 0.266807 0.103641
1 0.735732 0.327381 0.133578 0.109944
1 0.841999 0.430205 0.316001 0.095705
1 0.379902 0.644141 0.245798 0.092204
1 0.242647 0.233894 0.304972 0.092904
2 0.170168 0.054038 0.157563 0.099206
2 0.055585 0.145775 0.110819 0.160831
2 0.777924 0.136555 0.156338 0.100840
2 0.482931 0.528011 0.372374 0.114379
2 0.352153 0.330182 0.158438 0.110411
2 0.057248 0.645775 0.114146 0.115079
2 0.651961 0.941410 0.397409 0.117180
2 0.861870 0.729342 0.276261 0.125817
2 0.908964 0.517624 0.182073 0.126284
2 0.440826 0.745682 0.099790 0.125350
2 0.456057 0.213235 0.121849 0.125350
2 0.953256 0.932073 0.093487 0.127918
1 0.360294 0.854575 0.269608 0.100373
1 0.820816 0.626751 0.358368 0.103641
1 0.685749 0.044001 0.340686 0.087535
2 0.490546 0.039566 0.074580 0.078665