5 0.045139 0.253720 0.089616 0.506944
5 0.241402 0.136161 0.302910 0.271825
5 0.621693 0.241443 0.200397 0.338046
5 0.818287 0.398189 0.200066 0.225942
5 0.535549 0.867808 0.188161 0.264385
5 0.081680 0.902034 0.162698 0.147321
5 0.485615 0.267237 0.082341 0.108879
5 0.455192 0.364955 0.086310 0.067708
5 0.195106 0.285218 0.193783 0.164683
5 0.792824 0.228795 0.143188 0.102431
0 0.319940 0.511657 0.452712 0.353671
0 0.771329 0.545759 0.457341 0.257192
0 0.933036 0.328993 0.133929 0.178819
0 0.226521 0.779638 0.452381 0.440724