0 0.465526 0.544312 0.859127 0.254630
0 0.764137 0.299934 0.173611 0.234127
0 0.159102 0.340443 0.102927 0.156415
5 0.133557 0.520668 0.101438 0.047950
5 0.199901 0.607474 0.095734 0.047619
5 0.213418 0.755456 0.157986 0.122024
5 0.562128 0.813161 0.120288 0.082011
5 0.878844 0.785384 0.120288 0.082011
5 0.939856 0.932540 0.120288 0.082011
5 0.712426 0.319775 0.057292 0.105820
5 0.926339 0.446263 0.064484 0.048611
5 0.944196 0.574735 0.098214 0.040344
5 0.893601 0.631614 0.074901 0.058862
5 0.445437 0.602679 0.052579 0.052579
5 0.620660 0.470734 0.056796 0.030093
5 0.720114 0.466104 0.056796 0.030093
5 0.708829 0.729663 0.229167 0.079034
5 0.687376 0.941468 0.093502 0.082672
5 0.827505 0.979828 0.101438 0.040344
5 0.231895 0.951720 0.125000 0.074074
5 0.205357 0.986772 0.166171 0.026455
0 0.370164 0.795304 0.129712 0.250000
0 0.280878 0.869048 0.051339 0.104497
3 0.028894 0.382937 0.057292 0.107143
3 0.204365 0.296462 0.080853 0.088294
3 0.096726 0.287533 0.043651 0.053902
3 0.308408 0.264550 0.031994 0.043651
3 0.266121 0.258598 0.029266 0.039021
3 0.120412 0.504795 0.044395 0.088955
3 0.019345 0.542659 0.032738 0.060185
3 0.070933 0.594577 0.070933 0.067460
3 0.175223 0.486938 0.042907 0.059854
3 0.246776 0.479828 0.084821 0.057540
3 0.288194 0.603836 0.045635 0.058201
3 0.249008 0.598876 0.026290 0.048280
3 0.305184 0.535880 0.035466 0.041997
3 0.254340 0.538194 0.035466 0.041997
3 0.351687 0.539187 0.044643 0.051257
3 0.361235 0.450728 0.052827 0.066138
3 0.471850 0.467758 0.104911 0.141865
3 0.549107 0.418485 0.042163 0.100198
3 0.571429 0.476521 0.054563 0.064153
3 0.657242 0.438492 0.054563 0.064153
3 0.632937 0.510913 0.039683 0.043651
3 0.602431 0.546296 0.039683 0.043651
3 0.530134 0.567295 0.032490 0.037368
3 0.504216 0.668155 0.038690 0.038029
3 0.557044 0.652612 0.038690 0.038029
3 0.678323 0.618882 0.038690 0.038029
3 0.670759 0.552579 0.030010 0.030423
3 0.592262 0.246362 0.055060 0.041667
3 0.690848 0.240575 0.065228 0.065146
3 0.805308 0.470899 0.059028 0.039683
3 0.837302 0.533069 0.066964 0.079365
3 0.886657 0.573743 0.045139 0.064153
3 0.780010 0.588459 0.047619 0.086971
3 0.958705 0.464286 0.082589 0.066799
3 0.954613 0.583995 0.045635 0.038360
3 0.946181 0.632606 0.055060 0.050926