1 0.113095 0.727927 0.223545 0.393353
1 0.386409 0.756200 0.319775 0.431052
1 0.774636 0.736111 0.450728 0.473710
2 0.105489 0.704365 0.204365 0.093254
2 0.367560 0.703869 0.137235 0.136409
2 0.066964 0.818080 0.133267 0.078125
2 0.721561 0.670263 0.122354 0.057788
2 0.554894 0.765005 0.199735 0.080605
2 0.925926 0.655258 0.148148 0.104167
2 0.106812 0.593130 0.205026 0.098462
2 0.707507 0.604663 0.162368 0.040179
3 0.150298 0.429688 0.297288 0.269097
3 0.449239 0.448537 0.294643 0.191220
3 0.777282 0.385665 0.362765 0.222718