1 0.557912 0.855324 0.884177 0.289352
1 0.813988 0.593750 0.372024 0.233796
1 0.476687 0.636409 0.306052 0.147156
3 0.313120 0.615245 0.124752 0.112103
3 0.552207 0.547123 0.080605 0.090939
3 0.985739 0.446759 0.028522 0.083333
3 0.897693 0.485780 0.085565 0.062831
2 0.793527 0.707011 0.184276 0.099206
2 0.892733 0.578373 0.214534 0.158069
2 0.673735 0.741402 0.052827 0.068122
2 0.560268 0.773810 0.174107 0.130952
2 0.437872 0.841435 0.070188 0.083003
2 0.368552 0.850860 0.067956 0.107804
2 0.301711 0.878803 0.065228 0.062500
2 0.193576 0.855489 0.151042 0.121032
2 0.330977 0.952216 0.164931 0.095569
2 0.198785 0.941468 0.093006 0.048280
2 0.488219 0.957176 0.130704 0.076389
2 0.567212 0.890873 0.178075 0.102513
2 0.690476 0.944444 0.055556 0.046958
2 0.718998 0.862103 0.067460 0.070106
2 0.828125 0.828042 0.099206 0.043651
2 0.885789 0.778439 0.157490 0.052910
2 0.950397 0.879299 0.099206 0.043651
2 0.956597 0.817295 0.086806 0.043981