3 0.070188 0.348049 0.105655 0.077712
3 0.217758 0.304563 0.080357 0.081349
3 0.179812 0.395503 0.057044 0.068783
3 0.124008 0.479332 0.187996 0.065146
3 0.087922 0.534722 0.046875 0.035053
3 0.125372 0.589782 0.092510 0.045966
3 0.256572 0.472388 0.067212 0.104828
3 0.265749 0.599372 0.067212 0.104828
3 0.200645 0.637731 0.045635 0.059193
3 0.237847 0.811012 0.044643 0.051918
3 0.307416 0.824405 0.062252 0.085317
3 0.415055 0.801091 0.039435 0.059854
3 0.370164 0.540179 0.039435 0.059854
3 0.378348 0.615575 0.039435 0.059854
3 0.450893 0.488095 0.054067 0.117063
3 0.494544 0.653604 0.042163 0.070437
3 0.545635 0.681713 0.042163 0.070437
3 0.504340 0.778770 0.046379 0.058862
3 0.641493 0.957837 0.076141 0.084325
3 0.711930 0.929729 0.058284 0.087632
3 0.653150 0.624173 0.058284 0.087632
3 0.681920 0.532903 0.058284 0.087632
3 0.562872 0.468750 0.058284 0.087632
3 0.592882 0.307870 0.099950 0.100529
3 0.710069 0.292493 0.126488 0.177579
3 0.893105 0.114418 0.077381 0.099206
3 0.956597 0.190476 0.082341 0.113095
3 0.859251 0.371528 0.061260 0.090939
3 0.967510 0.404101 0.064980 0.164021
3 0.742063 0.639385 0.081845 0.205357
3 0.855531 0.568948 0.046875 0.075728
3 0.929688 0.706019 0.043403 0.060847
3 0.984747 0.702712 0.030506 0.061508
3 0.845114 0.712632 0.043403 0.060847
0 0.392113 0.603671 0.141369 0.792659
0 0.160342 0.432209 0.320188 0.438492
0 0.595610 0.448082 0.271577 0.173942
0 0.678819 0.231978 0.279762 0.256944
0 0.924479 0.199570 0.151042 0.236442
0 0.832713 0.582672 0.202629 0.519841