3 0.085069 0.473214 0.169643 0.231481
3 0.256200 0.463790 0.174603 0.176918
3 0.381696 0.449074 0.075893 0.121693
3 0.531250 0.409722 0.221726 0.177910
3 0.694940 0.316799 0.262897 0.305556
3 0.892361 0.243882 0.215278 0.317130
1 0.390873 0.712963 0.268353 0.181878
1 0.703497 0.554067 0.341022 0.213955
1 0.215154 0.645337 0.125248 0.081019
1 0.096106 0.933532 0.191716 0.098545
1 0.499504 0.902612 0.499504 0.194775
1 0.874132 0.821429 0.251736 0.265212
2 0.477183 0.817956 0.127480 0.075728
2 0.666915 0.828704 0.148810 0.066138
2 0.559896 0.886078 0.130704 0.057870
2 0.575893 0.625000 0.084325 0.060185
1 0.094866 0.799769 0.189236 0.166336