6 0.832176 0.179439 0.335648 0.044395
6 0.655589 0.542783 0.688823 0.047867
6 0.698413 0.680804 0.598545 0.045635
6 0.700728 0.745536 0.598545 0.045635
6 0.647652 0.817708 0.704696 0.044643
6 0.584987 0.954861 0.830026 0.090278
6 0.832176 0.241691 0.335648 0.044395
6 0.636905 0.613095 0.726190 0.034226
5 0.705192 0.388393 0.209987 0.061508
5 0.591270 0.450025 0.586640 0.059276
5 0.575397 0.516369 0.359788 0.059524
5 0.173942 0.862227 0.234788 0.065724
5 0.522156 0.922991 0.228836 0.066220
5 0.848876 0.841642 0.228836 0.066220
6 0.284557 0.082713 0.459987 0.055308
6 0.529927 0.159226 0.263558 0.035218
5 0.772321 0.329117 0.209987 0.061508
5 0.373016 0.308160 0.150794 0.054315
1 0.228340 0.558904 0.342262 0.881696
5 0.028770 0.500124 0.056878 0.999752