5 0.126984 0.142237 0.253307 0.160466
5 0.917493 0.243056 0.165013 0.175595
5 0.776124 0.358879 0.447751 0.116071
5 0.284061 0.283978 0.440476 0.107143
0 0.231812 0.554812 0.460979 0.100694
0 0.352017 0.744420 0.249008 0.099950
0 0.523148 0.806300 0.101190 0.127480
0 0.503307 0.642609 0.101190 0.127480
0 0.332837 0.173983 0.217262 0.170387
0 0.731978 0.223586 0.348876 0.196677
0 0.130456 0.896825 0.260251 0.124008
0 0.499669 0.243800 0.113757 0.124504
0 0.868717 0.542163 0.262566 0.070933
0 0.931382 0.881324 0.137235 0.233383
5 0.655258 0.186632 0.112103 0.056300
5 0.762070 0.267361 0.107474 0.033234
5 0.710317 0.285962 0.120370 0.027282
5 0.790344 0.184028 0.065476 0.030258