2 0.078169 0.720822 0.153186 0.212885
2 0.223039 0.585668 0.139356 0.112979
2 0.627101 0.055672 0.256653 0.110878
2 0.787815 0.635738 0.152311 0.109010
2 0.516807 0.558940 0.063725 0.084734
2 0.482756 0.716970 0.107668 0.098273
2 0.412728 0.846755 0.107668 0.098273
2 0.348302 0.130836 0.162290 0.132353
2 0.452206 0.066293 0.093838 0.132120
1 0.407388 0.358310 0.814426 0.334267
1 0.076943 0.568627 0.153536 0.092437
1 0.389181 0.567577 0.194328 0.087535
1 0.772496 0.556489 0.445203 0.091503
1 0.768732 0.730626 0.462535 0.089636
1 0.829044 0.887838 0.341912 0.224323
1 0.291754 0.719888 0.277486 0.162465
1 0.221026 0.861695 0.276786 0.121148