3 0.491319 0.449405 0.352679 0.504630
3 0.203497 0.202216 0.333085 0.340939
3 0.089782 0.531746 0.179067 0.173280
3 0.796751 0.328704 0.104415 0.156746
3 0.931176 0.328208 0.101935 0.192130
3 0.760789 0.531415 0.066220 0.197090
3 0.858631 0.605820 0.079861 0.093915
3 0.977307 0.542328 0.045387 0.074735
3 0.976190 0.797784 0.047619 0.196098
3 0.924727 0.876653 0.056796 0.125661
3 0.208085 0.660384 0.054563 0.191799
3 0.284102 0.647817 0.056796 0.105159
3 0.316964 0.938657 0.073909 0.096892
3 0.377604 0.790840 0.127232 0.129299
3 0.443080 0.926422 0.159970 0.147156
3 0.550099 0.834491 0.049603 0.065146
3 0.760665 0.729167 0.057540 0.109127
0 0.630952 0.338624 0.179067 0.205688
0 0.159474 0.341931 0.138889 0.216270
0 0.188368 0.503307 0.376240 0.115079
0 0.343874 0.641700 0.165427 0.154431
0 0.384797 0.783069 0.151538 0.142196