3 0.149306 0.246362 0.048115 0.069444
3 0.024182 0.471892 0.047867 0.069444
3 0.086062 0.443618 0.042163 0.065807
3 0.079861 0.534226 0.036706 0.043320
3 0.029266 0.588459 0.058036 0.055225
3 0.082589 0.603009 0.040179 0.059854
3 0.019221 0.700397 0.037946 0.111772
3 0.056920 0.733300 0.037450 0.049934
3 0.166295 0.820933 0.037450 0.049934
3 0.385789 0.807705 0.069692 0.061177
3 0.455729 0.775959 0.042411 0.071098
3 0.510665 0.815642 0.043651 0.056548
3 0.614955 0.717758 0.039931 0.067130
3 0.627108 0.562665 0.065228 0.066468
3 0.230283 0.632440 0.042411 0.055225
3 0.265377 0.688657 0.033730 0.094907
3 0.114831 0.714782 0.038690 0.060516
3 0.138269 0.618717 0.033978 0.100529
3 0.201141 0.528935 0.051091 0.062500
3 0.273438 0.500165 0.040427 0.043320
3 0.269221 0.418651 0.222966 0.096561
3 0.329613 0.571759 0.137897 0.101190
3 0.341642 0.489253 0.073661 0.065146
3 0.430928 0.444444 0.064236 0.064153
3 0.406994 0.275132 0.098710 0.160714
3 0.576885 0.412037 0.064980 0.089947
3 0.496900 0.466270 0.037946 0.050265
3 0.431176 0.515542 0.056300 0.072751
3 0.486235 0.563823 0.056300 0.091931
3 0.463542 0.635913 0.052083 0.057540
3 0.365327 0.662202 0.031746 0.040013
3 0.410962 0.664187 0.024802 0.026124
3 0.818328 0.662533 0.039931 0.074405
3 0.731647 0.679894 0.030258 0.047619
3 0.784102 0.590112 0.065724 0.049934
3 0.795139 0.506118 0.053075 0.058532
3 0.742188 0.383763 0.087550 0.079696
3 0.826885 0.331019 0.045139 0.043651
3 0.804688 0.803075 0.037450 0.041336
3 0.912202 0.129464 0.041171 0.033399
3 0.928819 0.242725 0.043651 0.091931
3 0.984871 0.186673 0.030258 0.062500
3 0.924479 0.353505 0.054315 0.060847
3 0.981647 0.358796 0.036706 0.060185
3 0.966270 0.476521 0.036706 0.060185
0 0.500124 0.465278 0.999752 0.248677
0 0.291915 0.702050 0.175595 0.226852
0 0.499256 0.746197 0.157738 0.152447
0 0.656498 0.732474 0.136905 0.292328
0 0.965898 0.782242 0.068204 0.229828
0 0.884797 0.814319 0.093502 0.108796