3 0.625000 0.438657 0.111111 0.178241
3 0.298487 0.380952 0.093502 0.167328
3 0.043899 0.126819 0.087302 0.117394
3 0.243552 0.254464 0.065476 0.063823
3 0.375744 0.309689 0.065476 0.063823
3 0.158482 0.398975 0.061012 0.073743
3 0.216270 0.507440 0.061012 0.073743
3 0.014757 0.721065 0.029018 0.082341
3 0.102803 0.776124 0.044891 0.087302
3 0.297247 0.589947 0.044891 0.087302
3 0.351811 0.625000 0.044891 0.087302
3 0.382440 0.508267 0.053075 0.090608
3 0.459325 0.412202 0.061012 0.101521
3 0.466518 0.638724 0.061012 0.101521
3 0.537078 0.674603 0.062748 0.094577
3 0.478547 0.799272 0.056796 0.078042
3 0.585938 0.819114 0.047867 0.052910
3 0.571305 0.898810 0.047867 0.052910
3 0.651538 0.816964 0.073413 0.063161
3 0.847098 0.543320 0.050347 0.052249
3 0.791543 0.580026 0.050347 0.052249
3 0.890997 0.639054 0.077629 0.128638
3 0.790427 0.730655 0.047619 0.051257
3 0.676587 0.679729 0.047619 0.051257
3 0.747520 0.797619 0.049603 0.066799
3 0.722470 0.738426 0.043651 0.062169
3 0.837054 0.836475 0.068948 0.101521
3 0.958953 0.930721 0.082093 0.138558
0 0.944320 0.842593 0.111359 0.215608
0 0.856399 0.626323 0.150794 0.171296
0 0.138765 0.562004 0.277034 0.190146
0 0.443080 0.779762 0.201141 0.440476
0 0.112971 0.222388 0.199157 0.153770
0 0.179191 0.862434 0.205109 0.275132