5 0.500117 0.919293 0.999767 0.161415
5 0.537698 0.761905 0.335901 0.080882
5 0.132003 0.764443 0.263539 0.081057
5 0.454832 0.818277 0.264472 0.046218
5 0.661064 0.632090 0.132120 0.076155
5 0.420985 0.587360 0.321429 0.071078
5 0.690009 0.503676 0.223623 0.075980
5 0.140990 0.498162 0.281513 0.073004
5 0.684290 0.204919 0.631419 0.409489
5 0.918301 0.772059 0.163399 0.068978
5 0.774510 0.736870 0.138655 0.044118
5 0.864963 0.658789 0.270075 0.039216
5 0.864963 0.596464 0.270075 0.039216
5 0.902194 0.542017 0.195612 0.038515
5 0.123950 0.632440 0.247432 0.081057