2 0.076265 0.587632 0.152034 0.099206
2 0.099702 0.734954 0.198909 0.126653
2 0.320685 0.689815 0.244048 0.088624
2 0.405258 0.588294 0.114087 0.114418
2 0.543651 0.522983 0.141865 0.118717
2 0.301835 0.585813 0.092262 0.110780
2 0.753596 0.672454 0.209077 0.106812
2 0.577629 0.618221 0.166171 0.064484
2 0.432912 0.761905 0.154514 0.053571
2 0.375124 0.804563 0.103423 0.045635
2 0.556424 0.833168 0.094990 0.073743
2 0.648810 0.845403 0.080357 0.045304
2 0.717510 0.769511 0.065972 0.042328
2 0.136409 0.880787 0.128968 0.045304
2 0.046131 0.909061 0.091766 0.181878
2 0.229415 0.908234 0.058532 0.043320
2 0.276042 0.843750 0.058532 0.043320
2 0.282118 0.978340 0.197173 0.043320
2 0.618676 0.982308 0.072173 0.035384
2 0.719246 0.478009 0.086310 0.045304
2 0.822049 0.525463 0.098958 0.047619
2 0.733631 0.587963 0.140873 0.063492
3 0.119420 0.503307 0.115327 0.067460
3 0.566096 0.435020 0.061756 0.071759
3 0.769097 0.381944 0.162202 0.089286
1 0.202009 0.745536 0.403522 0.508929
1 0.628348 0.646825 0.450645 0.507937