1 0.152447 0.772693 0.302249 0.454613
1 0.651786 0.734871 0.696429 0.530258
2 0.083168 0.738963 0.067130 0.038442
2 0.211310 0.806052 0.098545 0.058036
2 0.079861 0.871032 0.159061 0.137401
2 0.240079 0.708085 0.160714 0.063492
2 0.091435 0.968502 0.105489 0.035218
2 0.451389 0.712302 0.092593 0.080357
2 0.466931 0.814112 0.123016 0.064236
2 0.350860 0.833333 0.062831 0.028770
2 0.278935 0.851935 0.079034 0.052579
2 0.356316 0.908358 0.090278 0.033978
2 0.609458 0.738219 0.177249 0.065724
2 0.755952 0.654266 0.103175 0.038194
2 0.740245 0.585069 0.141204 0.036210
2 0.937004 0.627852 0.125992 0.095982
2 0.733962 0.722594 0.069114 0.029514
2 0.823247 0.748388 0.050595 0.030010
2 0.906746 0.744668 0.111772 0.047867
2 0.855820 0.701885 0.115741 0.042659
2 0.936508 0.555556 0.126984 0.046131
2 0.592758 0.934524 0.088955 0.032738
2 0.637401 0.845982 0.127976 0.036210
2 0.118056 0.629712 0.161376 0.074405