1 0.123636 0.614087 0.246776 0.138228
1 0.660218 0.492890 0.392361 0.120040
1 0.726314 0.164517 0.304812 0.114087
1 0.492808 0.245370 0.354167 0.127646
1 0.560516 0.616567 0.115079 0.089616
2 0.697421 0.374504 0.514385 0.133929
2 0.885541 0.055721 0.228919 0.107474
2 0.472222 0.141038 0.218254 0.149802
2 0.537450 0.751984 0.372520 0.187169
2 0.814112 0.855159 0.359871 0.167989
2 0.226314 0.960813 0.216518 0.078373
2 0.191964 0.355655 0.377976 0.166336
2 0.594866 0.053902 0.228919 0.107143
1 0.179812 0.164683 0.359127 0.205688