3 0.106151 0.526951 0.208829 0.227844
3 0.335565 0.455522 0.251488 0.292659
3 0.675967 0.487599 0.242312 0.206019
3 0.897693 0.344081 0.204613 0.239087
2 0.088418 0.862930 0.102927 0.193452
2 0.232143 0.946925 0.141369 0.094907
2 0.474578 0.787533 0.118800 0.096230
2 0.333829 0.826885 0.075893 0.062500
2 0.703125 0.770833 0.111607 0.136905
2 0.795511 0.797454 0.047371 0.069775
2 0.535838 0.918155 0.067212 0.057209
2 0.896453 0.638558 0.118304 0.089947
2 0.786458 0.722388 0.040675 0.047288
2 0.315104 0.724537 0.097470 0.070106
2 0.038566 0.727348 0.073165 0.084325
1 0.189484 0.813988 0.376984 0.372024
2 0.400422 0.977513 0.041915 0.044974
2 0.406126 0.906746 0.053819 0.056217
2 0.467138 0.968915 0.091022 0.062169
1 0.563988 0.797950 0.374008 0.404101
1 0.875496 0.723049 0.249008 0.553902