3 0.753472 0.309152 0.202712 0.100446
3 0.751157 0.440352 0.059854 0.087550
3 0.826224 0.385541 0.058532 0.070685
3 0.513724 0.533110 0.058532 0.070685
3 0.467262 0.421007 0.036376 0.043403
3 0.399471 0.447049 0.036376 0.043403
3 0.332507 0.456597 0.062500 0.035714
3 0.274140 0.580481 0.053571 0.033978
3 0.053902 0.605283 0.074735 0.038938
3 0.385086 0.564484 0.081680 0.056052
3 0.197090 0.602927 0.031085 0.028274
3 0.156581 0.624380 0.032077 0.031002
3 0.115741 0.644097 0.052249 0.025298
3 0.064980 0.646205 0.030093 0.033978
0 0.120866 0.597966 0.241071 0.262401
0 0.360284 0.563864 0.241071 0.341022
0 0.598380 0.456597 0.237103 0.283730
0 0.822421 0.360863 0.202381 0.268849