0 0.588624 0.370660 0.220899 0.197173
0 0.329365 0.105655 0.294312 0.202381
0 0.090443 0.071553 0.180225 0.142609
0 0.382110 0.798611 0.543320 0.163690
0 0.599372 0.618924 0.334987 0.110863
0 0.741733 0.939608 0.516534 0.120784
0 0.276951 0.404638 0.144511 0.103423
5 0.603340 0.196429 0.348214 0.255952
5 0.793155 0.490575 0.247024 0.291667
0 0.868552 0.406250 0.147156 0.058036
0 0.934028 0.519717 0.125331 0.170883
5 0.965278 0.475322 0.069444 0.241319
5 0.305390 0.259177 0.425595 0.169643
5 0.042659 0.134921 0.083995 0.065476
5 0.259921 0.049231 0.095238 0.064732
5 0.334325 0.143725 0.095899 0.040427
5 0.381944 0.059276 0.056878 0.042163
5 0.259590 0.150298 0.099206 0.042659
5 0.213294 0.100446 0.056217 0.038194
0 0.259094 0.938988 0.309193 0.122024