3 0.207484 0.254654 0.090788 0.119681
3 0.492471 0.181516 0.167405 0.191489
3 0.620018 0.206449 0.064659 0.133644
3 0.648361 0.421210 0.064659 0.119016
3 0.624668 0.593418 0.051816 0.067154
3 0.889283 0.361370 0.129318 0.134973
3 0.917626 0.480718 0.032772 0.037234
3 0.932684 0.529255 0.032772 0.037234
3 0.974535 0.594415 0.032329 0.180851
3 0.688663 0.598404 0.032772 0.037234
3 0.729407 0.616356 0.032772 0.037234
3 0.697298 0.742021 0.040301 0.091755
3 0.024358 0.843418 0.047830 0.121676
3 0.321523 0.383644 0.065545 0.078457
3 0.380204 0.568484 0.050930 0.071809
6 0.337688 0.101396 0.141275 0.148271
6 0.906112 0.586769 0.152347 0.363697