3 0.088666 0.232970 0.103423 0.118056
3 0.264881 0.169808 0.173611 0.321759
3 0.029886 0.447586 0.059276 0.100198
3 0.152406 0.503968 0.103423 0.177249
3 0.334945 0.497851 0.106895 0.155093
3 0.398934 0.255126 0.093006 0.122685
3 0.488219 0.318122 0.095982 0.148810
3 0.796875 0.251819 0.216270 0.175595
3 0.918403 0.320106 0.057044 0.076058
3 0.981523 0.219246 0.036954 0.076720
3 0.640997 0.397817 0.062252 0.078704
3 0.682540 0.504630 0.066468 0.158730
3 0.937500 0.502149 0.094246 0.088955
3 0.848338 0.592262 0.046379 0.075397
3 0.546999 0.616071 0.046379 0.075397
3 0.623140 0.682044 0.065724 0.084987
3 0.755332 0.711475 0.065724 0.084987
3 0.919643 0.719411 0.065476 0.082341
3 0.981027 0.763724 0.037946 0.057209
3 0.825149 0.845569 0.054067 0.068783
3 0.341518 0.715608 0.054067 0.068783