3 0.432870 0.370040 0.101190 0.078373
3 0.106647 0.398313 0.088294 0.077381
3 0.039021 0.494544 0.077381 0.072421
3 0.329034 0.931300 0.056217 0.069940
3 0.409557 0.824157 0.049934 0.033730
3 0.482308 0.822421 0.049934 0.033730
3 0.662368 0.829737 0.069444 0.115823
3 0.706845 0.959821 0.069775 0.059524
3 0.705026 0.271825 0.075397 0.058532
3 0.934358 0.202753 0.084325 0.083581
3 0.181713 0.705357 0.061177 0.053075
0 0.641700 0.272817 0.306548 0.121528
0 0.622024 0.421131 0.223545 0.174107
0 0.754795 0.534722 0.128638 0.059524
0 0.172288 0.654142 0.249339 0.173859
0 0.320106 0.438368 0.251323 0.216022
0 0.246693 0.880580 0.132275 0.044395