0 0.482639 0.320767 0.117560 0.138228
0 0.755084 0.391865 0.153026 0.199735
0 0.930308 0.396329 0.106647 0.104828
0 0.507564 0.529927 0.147569 0.059193
0 0.477555 0.590608 0.201141 0.064815
0 0.449901 0.682705 0.204861 0.119378
0 0.421007 0.887401 0.146081 0.225198
0 0.243056 0.494544 0.204365 0.227844
0 0.837922 0.563657 0.324157 0.106812
5 0.413194 0.337302 0.129464 0.199735
5 0.625868 0.382275 0.066220 0.167328
5 0.571181 0.407738 0.037698 0.107804
5 0.967510 0.448082 0.064980 0.170635
5 0.865699 0.478671 0.045883 0.075066
5 0.445561 0.475529 0.142113 0.044312
5 0.550471 0.498843 0.055308 0.046627
5 0.632192 0.515708 0.105655 0.067130
5 0.730655 0.546462 0.059524 0.077712
5 0.876116 0.557044 0.102927 0.065146
5 0.962550 0.570271 0.057044 0.058532
0 0.125744 0.194279 0.173611 0.198082
0 0.297619 0.129464 0.085813 0.207341
0 0.806548 0.770503 0.113591 0.046296
0 0.811508 0.842097 0.100198 0.047288
0 0.661954 0.917163 0.142857 0.057870
0 0.755456 0.971065 0.142857 0.057870
0 0.947049 0.810681 0.105903 0.072421
5 0.937500 0.122520 0.061012 0.143188
5 0.966766 0.241567 0.060516 0.159061
5 0.985863 0.046131 0.028274 0.070437
0 0.221974 0.690476 0.192956 0.072090
0 0.238343 0.793485 0.220238 0.084325