0 0.670470 0.451017 0.339616 0.493304
0 0.760086 0.863219 0.417659 0.273562
0 0.314484 0.125372 0.295635 0.069196
0 0.396329 0.046999 0.153108 0.087550
0 0.568618 0.097966 0.097553 0.144841
0 0.188823 0.601066 0.171296 0.198165
5 0.372354 0.863839 0.744048 0.272321
5 0.495370 0.089906 0.052249 0.179315
5 0.649967 0.150050 0.087632 0.134425
5 0.191138 0.046131 0.114418 0.091766
5 0.065972 0.434648 0.131283 0.147569
5 0.020833 0.552827 0.041005 0.080853
5 0.091435 0.170635 0.149140 0.158730
0 0.364749 0.173487 0.191799 0.030506