3 0.160218 0.522156 0.077877 0.083995
3 0.406870 0.463294 0.367808 0.291667
3 0.925595 0.289021 0.148810 0.120370
3 0.626116 0.387566 0.060268 0.069444
2 0.363591 0.636574 0.147817 0.187831
2 0.767237 0.619874 0.156498 0.193452
2 0.623264 0.675595 0.131448 0.070106
2 0.480035 0.766204 0.100942 0.108466
2 0.677455 0.868221 0.118800 0.116733
2 0.779018 0.826720 0.085813 0.105820
2 0.904514 0.889881 0.190972 0.150794
2 0.105035 0.949239 0.204117 0.101521
1 0.500124 0.793816 0.999752 0.412368
1 0.720982 0.453042 0.558036 0.274471