3 0.112351 0.389716 0.079861 0.103505
3 0.201017 0.385913 0.066220 0.085317
3 0.142609 0.302249 0.068948 0.083333
3 0.065228 0.621032 0.098710 0.101190
3 0.149058 0.586971 0.068948 0.085979
3 0.124628 0.715278 0.087550 0.099206
3 0.029390 0.936673 0.058284 0.122024
3 0.271205 0.760913 0.068700 0.082672
3 0.209201 0.873677 0.068700 0.082672
3 0.279266 0.970238 0.062996 0.059524
3 0.284226 0.604663 0.130456 0.188161
3 0.306672 0.343915 0.053323 0.072090
3 0.387401 0.343419 0.090278 0.138558
3 0.401786 0.539517 0.096230 0.256283
3 0.488343 0.569610 0.076389 0.141204
3 0.527530 0.404597 0.056052 0.094246
3 0.613467 0.373181 0.084573 0.104828
3 0.586930 0.283896 0.049355 0.056548
3 0.605531 0.548776 0.124256 0.073082
3 0.572421 0.649306 0.043651 0.047288
3 0.541915 0.729332 0.043651 0.047288
3 0.434772 0.702877 0.043651 0.047288
3 0.585317 0.856151 0.044147 0.064815
3 0.392857 0.882937 0.044147 0.064815
3 0.478671 0.834656 0.044147 0.064815
3 0.441468 0.958995 0.044147 0.064815
3 0.531498 0.944114 0.044147 0.064815
3 0.870908 0.559689 0.068204 0.071098
3 0.760665 0.560847 0.049107 0.042989
3 0.795387 0.281911 0.229663 0.295966
3 0.955357 0.328704 0.089286 0.162698
0 0.381820 0.598214 0.323661 0.175265
0 0.067584 0.697751 0.134673 0.298942
0 0.371032 0.749669 0.171627 0.131614
0 0.770833 0.553737 0.458333 0.143849
0 0.833705 0.353505 0.221974 0.259259